(102.513, -57.798), (236.551, -100.847), (24.6238, -42.0145), 
(24.6238, -42.0145), (164.101, -115.415), (151.564, -117.434), 
(151.564, -117.434), (247.806, -188.061), (248.578, -190.038), (166.484, -142.782), 
(166.484, -142.782), (216.059, -184.171), (189.867, -203.62), 
(189.867, -203.62), (231.934, -244.318), (200.34, -221.56), (154.363, -184.02), 
(154.363, -184.02), (167.251, -217.984), (157.063, -215.321), (148.048, -206.656), 
(45.8664, -159.046), (62.6941, -230.162), (34.8416, -219.331), (21.3746, -173.526), 
(21.3746, -173.526), (-28.8897, -231.852), (-72.8874, -205.059), (-28.3472, -95.0582), 
(-28.3472, -95.0582), (-85.0664, -211.608), (-40.6844, -106.964), 
(-40.6844, -106.964), (-153.157, -242.335), (-30.9313, -71.258), 
(-30.9313, -71.258), (-172.118, -231.121), (-145.259, -195.271), (-87.6737, -129.424), 
(-216.85, -229.656), (-219.862, -232.111), (-136.465, -152.536), 
(-133.533, -130.832), (-217.168, -183.707), (-90.6912, -90.9408), 
(-90.6912, -90.9408), (-110.755, -99.4953), (-199.08, -99.1585), (-193.041, -77.1149), (-105.086, -54.1177), 
(-222.518, -36.6777), (-246.234, -31.0592), (-238.001, -25.1029), (-119.943, -19.2378), 
(-82.1494, 2.32076), (-220.001, 68.1446), (-138.236, 34.8668), 
(-138.236, 34.8668), (-204.626, 70.3943), (-114.534, 31.2197), 
(-114.534, 31.2197), (-240.381, 118.071), (-11.102, -22.6291), 
(-179.76, 142.087), (-205.168, 200.338), (-36.2372, 18.2227), 
(-36.2372, 18.2227), (-173.889, 236.741), (-30.9311, 25.4136), 
(-126.688, 216.856), (-129.048, 232.055), (-35.8121, 44.4958), 
(-35.8121, 44.4958), (-95.3383, 186.276), (-18.4175, 76.7178), 
(-18.4175, 76.7178), (-24.535, 152.73), (3.14638, 153.598), (17.2323, 115.333), 
(17.2323, 115.333), (46.5017, 176.902), (19.1543, 28.7442), 
(19.1543, 28.7442), (65.9625, 158.576), (38.0544, 60.9025), (20.5376, 8.77224), 
(20.5376, 8.77224), (114.039, 190.733), (85.1746, 111.897), 
(85.1746, 111.897), (226.236, 234.018), (186.3, 172.633), (117.719, 90.8864), 
(103.644, 49.6309), (223.614, 144.892), (92.997, 19.86), 
(92.997, 19.86), (165.535, 45.0759), (141.255, 31.0694), 
(115.294, 10.8335), (154.586, 24.2794), (124.81, 9.3007), 
(124.81, 9.3007), (240.995, 37.9026), (120.237, -16.5576), 
(24.6238, -42.0145), (151.564, -117.434), (166.484, -142.782), (189.867, -203.62), (154.363, -184.02), 
(45.8664, -159.046), (21.3746, -173.526), (-28.3472, -95.0582), 
(-28.3472, -95.0582), (-40.6844, -106.964), (-30.9313, -71.258), 
(-143.58, -170.235), (-216.85, -229.656), (-136.465, -152.536), 
(-136.465, -152.536), (-133.533, -130.832), (-90.6912, -90.9408), 
(-82.1494, 2.32076), (-138.236, 34.8668), (-114.534, 31.2197), (-11.102, -22.6291), 
(-35.8121, 44.4958), (-18.4175, 76.7178), (17.2323, 115.333), (19.1543, 28.7442), 
(20.5376, 8.77224), (85.1746, 111.897), (117.719, 90.8864), (86.0908, 51.6881), 
(115.294, 10.8335), (124.81, 9.3007), (120.237, -16.5576), (57.6145, -42.0217), (24.6238, -42.0145), 
(-72.4287, -13.4773), (-82.1494, 2.32076), (-11.102, -22.6291), 
(-30.9311, 25.4136), (-35.8121, 44.4958), (19.1543, 28.7442), (20.5376, 8.77224), 
(92.997, 19.86), (115.294, 10.8335), (24.6238, -42.0145), 
(235.511, -38.7676), (190.726, -50.9345), (57.6145, -42.0217), (120.237, -16.5576), (209.607, -30.1494), 
(57.6145, -42.0217), (185.084, -66.2564), (102.513, -57.798), (24.6238, -42.0145), 
(-87.6737, -129.424), (-129.757, -161.078), (-143.58, -170.235), (-30.9313, -71.258), 
(-105.086, -54.1177), (-131.548, -54.5593), (-206.795, -40.7429), (-222.518, -36.6777), (-119.943, -19.2378), (-72.4287, -13.4773), 
(-29.582, -3.24899), (-226.448, 181.894), (-179.76, 142.087), (-36.2372, 18.2227), 
(-30.9311, 25.4136), (-145.019, 236.53), (-126.688, 216.856), (-35.8121, 44.4958), 
(141.255, 31.0694), (170.912, 34.1083), (115.294, 10.8335), (92.997, 19.86), 
(154.363, -184.02), (148.048, -206.656), (95.2441, -156.06), (24.6238, -42.0145), 
(-30.9313, -71.258), (-87.6737, -129.424), (-129.757, -161.078), (-143.58, -170.235), (-136.465, -152.536), (-90.6912, -90.9408), 
(86.0908, 51.6881), (103.644, 49.6309), (92.997, 19.86), (20.5376, 8.77224), 
(95.2441, -156.06), (45.8664, -159.046), (-28.3472, -95.0582), (-30.9313, -71.258), (24.6238, -42.0145), 
(-90.6912, -90.9408), (-105.086, -54.1177), (-72.4287, -13.4773), (-11.102, -22.6291), (-30.9313, -71.258), 
(-11.102, -22.6291), (-29.582, -3.24899), (-36.2372, 18.2227), (-30.9311, 25.4136), (20.5376, 8.77224), 
(20.5376, 8.77224), (86.0908, 51.6881), (103.644, 49.6309), (92.997, 19.86), (24.6238, -42.0145), (-30.9313, -71.258), (-11.102, -22.6291), 
