(1761.44, -631.45), (2202.66, -712.205), (2221.58, -772.545), (208.309, -557.943), 
(208.309, -557.943), (1281.52, -960.992), (825.912, -820.955), 
(825.912, -820.955), (2432.08, -2052.6), (858.452, -1211.99), 
(858.452, -1211.99), (2404.9, -2384.58), (660.126, -1936.14), 
(660.126, -1936.14), (318.511, -2490.54), (-51.3835, -1673.88), (-211.624, -1303.78), 
(-211.624, -1303.78), (-737.265, -1840.51), (-1192.07, -1814.36), 
(-1192.07, -1814.36), (-1716.66, -2327.55), (-597.691, -922.017), 
(-597.691, -922.017), (-773.422, -1128), (-497.731, -763.539), 
(-497.731, -763.539), (-1858.26, -2200.74), (-1385.65, -1680.2), 
(-1694.61, -1809.55), (-2106.48, -2160.6), (-1514.62, -1295.48), 
(-1703.36, -1184.09), (-2296.47, -1368.06), (-2027.9, -1163.75), (-1417.51, -897.386), 
(-1417.51, -897.386), (-2319.86, -813.799), (-1942.9, -40.8292), 
(-1942.9, -40.8292), (-2449.59, 342.607), (-1046.71, 145.683), 
(-1215.43, 621.361), (-2299.63, 2026.73), (-1732.26, 1809.07), (-619.351, 267.998), 
(-619.351, 267.998), (-1641.29, 2249.18), (-942.306, 2416.33), (-473.095, 2167.97), (417.405, 873.405), (12.8163, 23.3373), 
(12.8163, 23.3373), (550.288, 969.06), (1970.14, 2405.37), (636.996, 538.188), 
(636.996, 538.188), (1679.15, 1482.74), (1721.36, 802.326), (740.32, 161.27), 
(740.32, 161.27), (1302.21, -121.118), (1181.06, -348.978), 
(1181.06, -348.978), (2111.02, -517.792), (1761.44, -631.45), (208.309, -557.943), 
(208.309, -557.943), (825.912, -820.955), (858.452, -1211.99), (660.126, -1936.14), (-211.624, -1303.78), 
(-211.624, -1303.78), (-1192.07, -1814.36), (-597.691, -922.017), 
(-497.731, -763.539), (-1385.65, -1680.2), (-1694.61, -1809.55), (-1514.62, -1295.48), 
(-1514.62, -1295.48), (-1703.36, -1184.09), (-1417.51, -897.386), 
(-1417.51, -897.386), (-1942.9, -40.8292), (-1046.71, 145.683), 
(-1046.71, 145.683), (-1215.43, 621.361), (-619.351, 267.998), 
(12.8163, 23.3373), (636.996, 538.188), (740.32, 161.27), 
(740.32, 161.27), (1181.06, -348.978), (208.309, -557.943), 
(208.309, -557.943), (-211.624, -1303.78), (-597.691, -922.017), (-497.731, -763.539), 
(-497.731, -763.539), (-1514.62, -1295.48), (-1417.51, -897.386), (-1046.71, 145.683), (-619.351, 267.998), (12.8163, 23.3373), 
(12.8163, 23.3373), (740.32, 161.27), (208.309, -557.943), (-497.731, -763.539), 
