50
211.10209495091226 -51.779240617540694
176.1443745546061 -63.14502066576162
220.2660428847459 -71.22049239588324
222.15763848733974 -77.25452211393318
20.830875799514217 -55.79433343977908
128.15162966323504 -96.09918583072218
82.59120951846643 -82.09547558184477
243.20765421388467 -205.26040220153357
85.84524762185146 -121.19896945362973
240.490163007847 -238.45756483771135
66.01258335039773 -193.6142150173249
31.851059859376562 -249.05357458482962
-5.138352074654364 -167.3876927804821
-21.162364698625595 -130.37786552703662
-73.72647185041947 -184.05064409004711
-119.20739093589839 -181.43642077494854
-171.66626245086158 -232.75516324680206
-59.769061083799045 -92.20166843696813
-77.34215357775827 -112.79984818603967
-49.77314451526743 -76.35388697701401
-185.82645766857297 -220.07359389090487
-138.5650168925094 -168.01973844606704
-169.4607345333048 -180.95540602325244
-210.64844100434854 -216.0598816934613
-151.46198561733937 -129.5479721008416
-170.33555413504936 -118.40856039987756
-229.6471821548405 -136.80648708121612
-202.79003346259623 -116.37486353345983
-141.7514243933697 -89.73860320671918
-231.98553107739656 -81.37989942525482
-194.28988390606634 -4.082918599253134
-244.959044153428 34.26071851478105
-104.67145848133657 14.56833247327478
-121.5427636986503 62.13609130335607
-229.96294450368458 202.67345826897645
-173.22648797269403 180.90715812375794
-61.935133273981364 26.79982265617076
-164.1289538566868 224.91844391870808
-94.23056587942307 241.63327644761597
-47.30954666100928 216.79668024389548
41.740495408408435 87.3404943481728
1.2816268886446949 2.3337252619976425
55.0287789860443 96.90595332067971
197.01405653171815 240.53697685382133
63.69955570016077 53.81883485239581
167.9150918654413 148.2739545999616
172.13607495687035 80.23264116276863
74.03202087874388 16.127008717904346
130.2205378540899 -12.111778115499447
118.1062358567541 -34.897834182443745