(149.413, 30.3634), (234.234, 21.3786), (211.473, -25.4291), 
(211.473, -25.4291), (205.693, -90.1552), (101.844, -92.6144), (86.9819, -85.5732), 
(86.9819, -85.5732), (-45.2244, -216.649), (-51.7388, -207.372), (-61.197, -192.801), (-64.3467, -136.158), (-29.0679, -59.5296), 
(-137.432, -1.63031), (-228.812, 37.835), (-72.6093, 96.8621), 
(-36.8225, 113.32), (-83.8104, 247.864), (-12.5417, 243.765), (58.1603, 108.365), 
(58.1603, 108.365), (75.3183, 229.475), (113.286, 147.759), 
(113.286, 147.759), (209.143, 226.897), (142.516, 141.249), 
(142.516, 141.249), (221.139, 175.132), (161.886, 110.801), (122.5, 79.2078), 
(149.413, 30.3634), (211.473, -25.4291), (86.9819, -85.5732), (-29.0679, -59.5296), (-137.432, -1.63031), (-72.6093, 96.8621), (-36.8225, 113.32), (58.1603, 108.365), 
(58.1603, 108.365), (113.286, 147.759), (142.516, 141.249), (122.5, 79.2078), 
(149.413, 30.3634), (58.1603, 108.365), (122.5, 79.2078), 
