(167.283, 6.87695), (235.305, 3.9469), (206.995, 3.12529), (141.656, 5.06795), 
(71.9656, 7.01369), (246.799, -6.82506), (171.728, -1.19511), 
(161.233, -3.25531), (236.29, -12.4617), (185.911, -8.18343), (87.545, 2.30672), 
(87.545, 2.30672), (199.354, -13.0046), (199.235, -14.0876), (187.482, -19.8409), (41.8442, 4.93192), 
(41.8442, 4.93192), (206.139, -25.2734), (137.658, -13.22), 
(215.058, -29.8914), (243.062, -35.7723), (94.7815, -7.13359), 
(94.7815, -7.13359), (137.102, -16.7051), (102.064, -9.91222), 
(102.064, -9.91222), (226.224, -37.6629), (229.263, -38.5785), (178.726, -32.6927), 
(178.726, -32.6927), (214.45, -44.3172), (187.549, -39.9447), (52.3802, -2.2738), 
(52.3802, -2.2738), (110.561, -19.7108), (168.399, -39.5066), (173.374, -43.377), (166.243, -45.8743), 
(166.243, -45.8743), (218.217, -69.0077), (199.173, -62.2007), (55.126, -9.30069), 
(75.4077, -19.0776), (133.599, -44.1204), (196.737, -82.0464), 
(196.737, -82.0464), (240.455, -103.456), (247.608, -109.179), (167.425, -70.4278), 
(108.722, -42.3), (171.046, -74.583), (160.19, -69.4259), 
(160.19, -69.4259), (165.727, -74.3434), (171.485, -79.5754), (69.325, -25.8275), 
(69.325, -25.8275), (232.02, -118.015), (106.207, -50.9384), 
(106.207, -50.9384), (136.837, -71.0573), (124.675, -66.5332), 
(124.675, -66.5332), (233.903, -141.928), (222.691, -139.165), (124.354, -74.4877), 
(127.989, -79.1308), (194.183, -127.623), (204.538, -138.574), (219.766, -154.916), (162.447, -115.526), 
(162.447, -115.526), (236.312, -177.456), (196.371, -149.316), (80.7056, -54.2953), 
(80.7056, -54.2953), (247.455, -197.817), (185.105, -145.114), 
(85.8242, -66.6094), (136.616, -116.008), (50.7564, -36.9612), 
(50.7564, -36.9612), (140.789, -128.591), (120.045, -108.385), 
(120.045, -108.385), (219.92, -210.674), (70.3203, -60.9905), 
(70.3203, -60.9905), (189.059, -187.667), (241.688, -245.2), (168.362, -170.438), 
(168.362, -170.438), (237.39, -246.465), (104.035, -101.036), 
(104.035, -101.036), (158.202, -163.588), (128.718, -131.316), 
(128.718, -131.316), (139.312, -146.015), (125.404, -142.461), 
(125.404, -142.461), (194.047, -232.284), (29.3833, -25.0177), 
(29.3833, -25.0177), (197.7, -249.574), (51.2389, -54.3944), 
(9.52301, 0.978806), (77.5327, -93.5193), (105.988, -135.092), (29.6124, -28.2086), 
(29.6124, -28.2086), (110.513, -147.196), (85.852, -113.21), 
(85.852, -113.21), (117.831, -162.58), (65.2242, -90.4966), 
(65.2242, -90.4966), (76.4663, -110.639), (30.7938, -36.4844), 
(30.7938, -36.4844), (141.686, -224.896), (51.9182, -73.3031), 
(51.9182, -73.3031), (102.822, -170.712), (101.271, -177.89), 
(101.271, -177.89), (137.685, -247.434), (129.477, -242.223), (99.0768, -193.426), (11.8752, -11.3884), 
(11.8752, -11.3884), (64.9823, -136.63), (86.0327, -189.79), (94.0707, -210.761), (40.667, -83.6753), 
(60.1613, -149.009), (88.8551, -232.501), (26.7316, -60.9532), 
(26.7316, -60.9532), (64.9518, -187.462), (42.4905, -118.788), 
(42.4905, -118.788), (59.1034, -175.386), (71.5459, -225.614), (70.3431, -232.698), (56.6371, -198.931), 
(56.6371, -198.931), (60.4728, -223.925), (4.48657, -0.176452), 
(22.7833, -88.7688), (52.155, -230.745), (28.7382, -121.676), 
(28.7382, -121.676), (41.8958, -192.085), (17.9076, -71.9331), 
(17.9076, -71.9331), (37.3374, -194.137), (14.1511, -62.8513), 
(14.9091, -88.2004), (33.4275, -246.419), (17.8607, -124.902), 
(17.8607, -124.902), (28.8115, -219.997), (15.739, -131.979), 
(15.739, -131.979), (22.6991, -242.693), (5.35878, -175.309), 
(5.35878, -175.309), (1.19976, -187.085), (-1.36036, -109.087), 
(-1.76302, -101.512), (-7.42606, -246.219), (-11.3794, -219.229), 
(-11.3794, -219.229), (-13.9795, -222.038), (-13.0075, -180.119), (-8.62923, -78.9203), 
(-8.62923, -78.9203), (-32.427, -227.601), (-27.3366, -170.746), 
(-27.3366, -170.746), (-29.3806, -182.813), (-38.7011, -236.544), (-34.6464, -198.003), (-10.3999, -52.3411), 
(-10.3999, -52.3411), (-47.9074, -233.715), (-42.2469, -201.002), 
(-42.2469, -201.002), (-38.2862, -162.913), (-29.0399, -121.486), 
(-29.0399, -121.486), (-25.3532, -101.103), (-18.3111, -66.6888), 
(-17.8947, -63.5088), (-50.8374, -187.154), (-63.4065, -223.063), (-20.1703, -65.8438), 
(-20.1703, -65.8438), (-49.4656, -161.151), (-84.7974, -241.536), (-66.8503, -181.311), 
(-66.6064, -167.888), (-101.317, -245.671), (-91.3809, -211.169), 
(-91.3809, -211.169), (-110.118, -245.27), (-18.3818, -31.5708), 
(-18.3818, -31.5708), (-87.8299, -178.21), (-24.1154, -41.2479), 
(-24.1154, -41.2479), (-114.56, -205.732), (-47.4573, -72.8023), 
(-90.1081, -139.816), (-119.384, -188.036), (-126.222, -186.407), (-121.442, -176.938), 
(-121.442, -176.938), (-164.597, -233.243), (-171.244, -238.443), (-112.896, -150.044), 
(-112.896, -150.044), (-172.612, -221.018), (-168.24, -213.424), (-82.1209, -97.8505), 
(-103.702, -122.917), (-171.213, -205.511), (-167.871, -194.061), 
(-208.716, -225.136), (-231.973, -249.636), (-149.198, -147.225), 
(-149.198, -147.225), (-208.661, -204.003), (-60.9387, -50.7828), 
(-60.9387, -50.7828), (-131.596, -121.142), (-140.942, -128.983), (-135.678, -122.402), 
(-135.678, -122.402), (-249.389, -227.159), (-226.184, -202.878), (-148.14, -126.117), 
(-148.14, -126.117), (-249.663, -219.073), (-228.245, -198.215), 
(-228.245, -198.215), (-232.175, -201.704), (-184.027, -154.253), 
(-184.027, -154.253), (-231.811, -197.013), (-23.9887, -10.6644), 
(-23.9887, -10.6644), (-142.972, -113.559), (-176.558, -141.102), (-244.178, -194.732), (-247.759, -194.2), (-203.452, -156.953), 
(-203.452, -156.953), (-205.311, -150.139), (-98.2008, -66.1784), 
(-98.2008, -66.1784), (-132.921, -84.1574), (-73.9505, -40.5794), 
(-73.9505, -40.5794), (-175.291, -108.461), (-204.548, -125.201), (-140.594, -80.5766), 
(-161.432, -92.8387), (-228.822, -134.794), (-75.538, -36.022), 
(-71.0551, -28.4641), (-187.751, -91.9169), (-156.32, -70.2309), 
(-156.32, -70.2309), (-200.937, -89.185), (-160.017, -67.39), (-148.822, -61.5957), 
(-121.197, -47.292), (-240.921, -99.4231), (-230.62, -93.995), (-197.917, -77.3188), (-134.015, -45.8371), 
(-128.022, -42.6474), (-247.129, -85.5983), (-229.749, -72.8531), 
(-229.749, -72.8531), (-227.545, -66.64), (-205.33, -58.2497), (-142.093, -36.4896), 
(-142.093, -36.4896), (-247.204, -68.9532), (-79.0446, -12.0865), (-44.0413, -0.883947), 
(-44.0413, -0.883947), (-114.879, -18.1338), (-82.4802, -9.4785), 
(-82.4802, -9.4785), (-203.123, -25.2861), (-28.713, 7.60382), 
(-28.713, 7.60382), (-243.289, -19.1241), (-162.03, -8.80928), 
(-44.5628, 6.11053), (-97.9252, 0.465209), (-247.399, -9.93406), (-161.625, 4.42769), (-45.1549, 9.94998), 
(-45.1549, 9.94998), (-214.154, 11.8116), (-230.856, 18.4695), (-192.039, 19.0002), 
(-192.039, 19.0002), (-247.113, 23.4465), (-168.851, 20.1812), 
(-168.851, 20.1812), (-232.551, 28.5485), (-215.936, 28.5607), (-20.0841, 13.5947), 
(-20.0841, 13.5947), (-121.674, 22.6074), (-240.949, 36.1909), (-143.599, 27.3869), 
(-143.599, 27.3869), (-202.868, 36.1479), (-180.133, 33.4698), (-16.6454, 14.0502), 
(-16.6454, 14.0502), (-146.336, 33.1754), (-112.201, 28.4417), 
(-112.201, 28.4417), (-120.401, 29.9328), (-110.091, 28.5147), 
(-110.091, 28.5147), (-211.946, 49.1064), (-153.711, 51.222), 
(-153.711, 51.222), (-214.911, 73.2005), (-242.647, 87.8846), (-216.979, 83.1528), (-178.04, 75.8475), (-36.464, 25.4775), 
(-123.447, 56.9), (-244.983, 100.693), (-244.34, 105.978), (-226.018, 100.387), (-124.942, 68.6222), 
(-124.942, 68.6222), (-242.926, 145.01), (-224.378, 138.005), (-195.047, 126.924), 
(-195.047, 126.924), (-204.614, 132.85), (-147.983, 101.825), 
(-147.983, 101.825), (-185.345, 124.314), (-118.908, 85.4456), 
(-118.908, 85.4456), (-202.056, 137.272), (-79.528, 65.3039), 
(-79.528, 65.3039), (-213.028, 153.542), (-208.926, 156.567), (-52.5832, 50.2357), 
(-52.5832, 50.2357), (-94.8845, 80.4691), (-43.0399, 43.7095), 
(-43.0399, 43.7095), (-208.266, 162.788), (-88.5739, 76.8923), 
(-88.5739, 76.8923), (-220.914, 179.183), (-73.1532, 70.6836), 
(-73.1532, 70.6836), (-156.596, 136.384), (-180.433, 156.714), (-173.472, 157.625), (-170.882, 157.676), 
(-170.882, 157.676), (-195.338, 183.128), (-92.3803, 93.665), 
(-92.3803, 93.665), (-130.184, 127.546), (-137.719, 135.391), 
(-137.719, 135.391), (-243.93, 230.997), (-248.768, 238.297), (-161.616, 160.708), 
(-145.276, 149.566), (-224.169, 226.892), (-144.239, 151.266), 
(-144.239, 151.266), (-218.337, 223.075), (-183.232, 198.062), (-93.1181, 108.045), 
(-138.667, 155.244), (-221.743, 240.717), (-120.87, 140.621), 
(-120.87, 140.621), (-207.277, 246.161), (-58.2062, 80.8824), 
(-58.2062, 80.8824), (-124.967, 158.386), (-108.244, 139.311), 
(-108.244, 139.311), (-168.755, 212.053), (-175.579, 220.875), (-154.889, 197.522), 
(-154.889, 197.522), (-192.885, 243.105), (-180.631, 228.664), 
(-180.631, 228.664), (-158.763, 204.051), (-60.7547, 86.8793), 
(-60.7547, 86.8793), (-151.128, 196.47), (-124.287, 164.716), (-29.6914, 50.2061), 
(-29.6914, 50.2061), (-41.6382, 65.0642), (-75.8589, 108.373), (-153.78, 209.414), (-146.683, 201.15), (-94.4281, 135.436), 
(-94.4281, 135.436), (-169.08, 240.702), (-156.067, 223.62), 
(-119.088, 176.854), (-160.203, 237.536), (-86.4805, 136.657), 
(-86.4805, 136.657), (-162.442, 248.049), (-145.036, 224.169), (-18.2261, 41.2139), 
(-18.2261, 41.2139), (-88.8178, 147.625), (-99.4512, 179.866), (-66.776, 126.406), 
(-66.776, 126.406), (-132.013, 237.049), (-108.619, 199.832), (-22.6314, 55.6351), 
(-22.6314, 55.6351), (-68.3864, 140.519), (-90.3516, 181.987), (-122.655, 245.668), (-118.263, 242.471), (-106.556, 226.793), (-21.0019, 58.4474), 
(-21.0019, 58.4474), (-93.4025, 209.416), (-84.3777, 194.64), 
(-84.3777, 194.64), (-82.4667, 206.334), (-64.4508, 168.09), 
(-64.4508, 168.09), (-79.7744, 205.181), (-79.4541, 211.838), (-40.3908, 115.975), 
(-40.3908, 115.975), (-40.1824, 116.779), (-19.3111, 65.0357), 
(-19.3111, 65.0357), (-86.3404, 247.319), (-26.0014, 103.549), 
(-26.0014, 103.549), (-40.6091, 158.776), (-59.0746, 239.26), (-15.0309, 76.5862), 
(-15.0309, 76.5862), (-28.8279, 133.754), (-48.3315, 230.908), (-33.3375, 218.437), (-25.6556, 181.459), 
(-28.2752, 219.884), (-30.6567, 239.272), (-9.0654, 103.188), 
(-10.7596, 127.308), (-21.7285, 233.995), (-17.0784, 192.696), 
(-16.1245, 200.641), (-16.2448, 205.607), (-6.1648, 115.217), 
(-6.1648, 115.217), (-12.945, 229.346), (-6.41677, 185.776), (-1.52413, 91.3679), 
(-1.52413, 91.3679), (1.16903, 234.314), (1.69464, 224.538), (3.36415, 125.088), 
(3.36415, 125.088), (7.35958, 149.031), (8.18078, 100.246), 
(8.18078, 100.246), (14.9648, 151.182), (26.5977, 215.879), (30.8352, 192.066), 
(30.8352, 192.066), (37.1512, 219.251), (42.5745, 197.17), (35.6248, 157.453), 
(35.6248, 157.453), (57.8278, 247.697), (43.6932, 161.953), 
(43.6932, 161.953), (55.9144, 186.532), (54.3341, 179.565), (34.1329, 114.633), 
(27.4626, 90.4457), (73.6991, 223.871), (11.0933, 39.7346), 
(11.0933, 39.7346), (51.2083, 152.036), (29.4831, 88.6624), 
(29.4831, 88.6624), (65.4576, 182.831), (52.8312, 148.569), 
(52.8312, 148.569), (68.6164, 183.364), (32.5418, 88.2881), 
(32.5418, 88.2881), (78.4693, 198.994), (12.4078, 35.5672), 
(12.4078, 35.5672), (108.899, 241.468), (74.6889, 168.165), 
(74.6889, 168.165), (108.396, 239.79), (69.9017, 147.257), 
(69.9017, 147.257), (104.221, 208.387), (107.658, 210.316), (75.337, 147.134), 
(117.661, 205.962), (133.053, 231.668), (94.7762, 165.289), 
(94.7762, 165.289), (128.244, 209.301), (73.5665, 121.083), 
(73.5665, 121.083), (146.945, 223.918), (37.8702, 64.3298), 
(35.2293, 59.8886), (90.5854, 136.829), (95.5131, 136.771), (59.6047, 88.7627), 
(54.9648, 77.2863), (198.128, 246.137), (130.549, 164.385), 
(130.549, 164.385), (181.264, 201.168), (110.084, 123.045), 
(110.084, 123.045), (159.644, 171.996), (74.3527, 77.5541), 
(74.3527, 77.5541), (235.292, 216.643), (242.462, 219.196), (212.191, 191.781), (202.952, 183.85), 
(157.478, 141.479), (201.298, 176.802), (226.083, 194.319), (114.603, 99.6114), 
(114.603, 99.6114), (148.146, 125.005), (129.723, 108.007), 
(129.723, 108.007), (249.659, 196.252), (229.895, 179.325), 
(229.895, 179.325), (245.203, 186.409), (183.533, 138.968), 
(183.533, 138.968), (212.938, 157.031), (206.861, 148.859), 
(206.861, 148.859), (236.496, 166.962), (162.307, 116.966), 
(95.1694, 70.6702), (224.879, 148.63), (190.553, 118.283), (65.2321, 47.5814), 
(65.2321, 47.5814), (168.895, 104.447), (212.998, 126.934), (112.903, 69.45), (66.2359, 44.6789), 
(66.2359, 44.6789), (139.59, 81.7135), (183.874, 103.073), (172.867, 96.7396), 
(160.742, 88.8311), (243.88, 115.995), (179.441, 87.9236), 
(179.441, 87.9236), (204.603, 96.0572), (18.82, 18.6378), 
(18.82, 18.6378), (173.716, 78.0052), (204.567, 86.4077), (244.552, 95.7228), (243.601, 92.4989), (170.508, 67.4213), 
(158.678, 62.2285), (179.277, 66.8526), (172.095, 64.5758), 
(172.095, 64.5758), (243.552, 83.352), (248.541, 83.1462), (75.2428, 32.7354), 
(75.2428, 32.7354), (174.393, 52.9407), (123.356, 40.7243), 
(130.387, 41.2763), (166.855, 48.7782), (135.249, 41.3026), 
(135.249, 41.3026), (238.542, 57.4084), (172.003, 42.4951), 
(172.003, 42.4951), (247.159, 54.8603), (222.032, 48.105), (205.398, 44.9736), (83.5688, 24.904), 
(83.5688, 24.904), (219.513, 39.5974), (239.762, 41.1128), (85.58, 22.0207), 
(131.491, 24.3946), (248.875, 33.3034), (158.431, 20.9004), 
(157.454, 20.3856), (181.301, 19.1766), (167.283, 6.87695), (141.656, 5.06795), (71.9656, 7.01369), 
(71.9656, 7.01369), (171.728, -1.19511), (161.233, -3.25531), (87.545, 2.30672), 
(41.8442, 4.93192), (137.658, -13.22), (215.058, -29.8914), (94.7815, -7.13359), 
(102.064, -9.91222), (178.726, -32.6927), (52.3802, -2.2738), 
(52.3802, -2.2738), (166.243, -45.8743), (55.126, -9.30069), 
(55.126, -9.30069), (75.4077, -19.0776), (196.737, -82.0464), (167.425, -70.4278), (108.722, -42.3), 
(108.722, -42.3), (160.19, -69.4259), (69.325, -25.8275), 
(69.325, -25.8275), (106.207, -50.9384), (124.675, -66.5332), (124.354, -74.4877), 
(127.989, -79.1308), (162.447, -115.526), (80.7056, -54.2953), 
(80.7056, -54.2953), (185.105, -145.114), (85.8242, -66.6094), (50.7564, -36.9612), 
(50.7564, -36.9612), (120.045, -108.385), (70.3203, -60.9905), 
(70.3203, -60.9905), (168.362, -170.438), (104.035, -101.036), 
(104.035, -101.036), (128.718, -131.316), (125.404, -142.461), (29.3833, -25.0177), 
(29.3833, -25.0177), (51.2389, -54.3944), (9.52301, 0.978806), 
(9.52301, 0.978806), (29.6124, -28.2086), (85.852, -113.21), (65.2242, -90.4966), (30.7938, -36.4844), 
(30.7938, -36.4844), (51.9182, -73.3031), (101.271, -177.89), (11.8752, -11.3884), 
(11.8752, -11.3884), (40.667, -83.6753), (29.4191, -58.7789), 
(42.5097, -97.3229), (60.1613, -149.009), (26.7316, -60.9532), 
(26.7316, -60.9532), (42.4905, -118.788), (56.6371, -198.931), (4.48657, -0.176452), 
(4.48657, -0.176452), (22.7833, -88.7688), (28.7382, -121.676), (17.9076, -71.9331), 
(14.9091, -88.2004), (17.8607, -124.902), (15.739, -131.979), 
(15.739, -131.979), (5.35878, -175.309), (-1.36036, -109.087), (-1.76302, -101.512), 
(-1.76302, -101.512), (-11.3794, -219.229), (-8.62923, -78.9203), 
(-8.62923, -78.9203), (-27.3366, -170.746), (-10.3999, -52.3411), 
(-10.3999, -52.3411), (-42.2469, -201.002), (-29.0399, -121.486), (-18.3111, -66.6888), 
(-20.1703, -65.8438), (-66.8503, -181.311), (-66.6064, -167.888), 
(-66.6064, -167.888), (-91.3809, -211.169), (-18.3818, -31.5708), 
(-18.3818, -31.5708), (-24.1154, -41.2479), (-47.4573, -72.8023), 
(-47.4573, -72.8023), (-90.1081, -139.816), (-121.442, -176.938), (-112.896, -150.044), (-82.1209, -97.8505), 
(-82.1209, -97.8505), (-103.702, -122.917), (-167.871, -194.061), (-208.716, -225.136), (-149.198, -147.225), (-60.9387, -50.7828), 
(-60.9387, -50.7828), (-135.678, -122.402), (-148.14, -126.117), 
(-148.14, -126.117), (-228.245, -198.215), (-184.027, -154.253), (-23.9887, -10.6644), 
(-23.9887, -10.6644), (-203.452, -156.953), (-98.2008, -66.1784), 
(-73.9505, -40.5794), (-140.594, -80.5766), (-161.432, -92.8387), (-75.538, -36.022), 
(-71.0551, -28.4641), (-156.32, -70.2309), (-148.822, -61.5957), (-121.197, -47.292), 
(-121.197, -47.292), (-134.015, -45.8371), (-128.022, -42.6474), 
(-128.022, -42.6474), (-229.749, -72.8531), (-142.093, -36.4896), (-44.0413, -0.883947), 
(-44.0413, -0.883947), (-82.4802, -9.4785), (-28.713, 7.60382), 
(-28.713, 7.60382), (-162.03, -8.80928), (-44.5628, 6.11053), 
(-45.1549, 9.94998), (-192.039, 19.0002), (-168.851, 20.1812), (-20.0841, 13.5947), 
(-20.0841, 13.5947), (-143.599, 27.3869), (-16.6454, 14.0502), 
(-16.6454, 14.0502), (-112.201, 28.4417), (-110.091, 28.5147), 
(-110.091, 28.5147), (-153.711, 51.222), (-36.464, 25.4775), 
(-36.464, 25.4775), (-123.447, 56.9), (-124.942, 68.6222), 
(-124.942, 68.6222), (-195.047, 126.924), (-147.983, 101.825), (-118.908, 85.4456), 
(-118.908, 85.4456), (-79.528, 65.3039), (-52.5832, 50.2357), (-43.0399, 43.7095), 
(-43.0399, 43.7095), (-88.5739, 76.8923), (-73.1532, 70.6836), 
(-73.1532, 70.6836), (-170.882, 157.676), (-92.3803, 93.665), 
(-92.3803, 93.665), (-137.719, 135.391), (-161.616, 160.708), (-147.292, 150.385), 
(-145.276, 149.566), (-144.239, 151.266), (-93.1181, 108.045), 
(-93.1181, 108.045), (-138.667, 155.244), (-120.87, 140.621), (-58.2062, 80.8824), 
(-58.2062, 80.8824), (-108.244, 139.311), (-154.889, 197.522), 
(-154.889, 197.522), (-180.631, 228.664), (-60.7547, 86.8793), 
(-29.6914, 50.2061), (-94.4281, 135.436), (-156.067, 223.62), (-119.088, 176.854), 
(-119.088, 176.854), (-86.4805, 136.657), (-18.2261, 41.2139), 
(-18.2261, 41.2139), (-66.776, 126.406), (-22.6314, 55.6351), 
(-21.0019, 58.4474), (-84.3777, 194.64), (-64.4508, 168.09), (-40.3908, 115.975), (-19.3111, 65.0357), 
(-19.3111, 65.0357), (-26.0014, 103.549), (-15.0309, 76.5862), 
(-15.0309, 76.5862), (-25.6556, 181.459), (-28.2752, 219.884), (-9.0654, 103.188), 
(-10.7596, 127.308), (-17.0784, 192.696), (-16.1245, 200.641), (-6.1648, 115.217), 
(-1.52413, 91.3679), (3.36415, 125.088), (8.18078, 100.246), 
(8.18078, 100.246), (30.8352, 192.066), (35.6248, 157.453), 
(35.6248, 157.453), (43.6932, 161.953), (34.1329, 114.633), (27.4626, 90.4457), (11.0933, 39.7346), 
(11.0933, 39.7346), (29.4831, 88.6624), (52.8312, 148.569), (32.5418, 88.2881), (12.4078, 35.5672), 
(12.4078, 35.5672), (74.6889, 168.165), (69.9017, 147.257), 
(69.9017, 147.257), (75.337, 147.134), (79.8989, 146.918), 
(79.8989, 146.918), (117.661, 205.962), (94.7762, 165.289), 
(94.7762, 165.289), (73.5665, 121.083), (37.8702, 64.3298), 
(35.2293, 59.8886), (59.6047, 88.7627), (54.9648, 77.2863), 
(54.9648, 77.2863), (130.549, 164.385), (110.084, 123.045), (74.3527, 77.5541), 
(74.3527, 77.5541), (202.952, 183.85), (157.478, 141.479), 
(129.723, 108.007), (229.895, 179.325), (183.533, 138.968), 
(183.533, 138.968), (206.861, 148.859), (162.307, 116.966), (95.1694, 70.6702), 
(66.2359, 44.6789), (172.867, 96.7396), (160.742, 88.8311), 
(160.742, 88.8311), (179.441, 87.9236), (18.82, 18.6378), 
(18.82, 18.6378), (170.508, 67.4213), (158.678, 62.2285), 
(158.678, 62.2285), (172.095, 64.5758), (75.2428, 32.7354), 
(75.2428, 32.7354), (123.356, 40.7243), (130.387, 41.2763), (135.249, 41.3026), 
(135.249, 41.3026), (172.003, 42.4951), (83.5688, 24.904), 
(85.58, 22.0207), (131.491, 24.3946), (158.431, 20.9004), (157.454, 20.3856), (71.9656, 7.01369), 
(71.9656, 7.01369), (87.545, 2.30672), (41.8442, 4.93192), 
(41.8442, 4.93192), (94.7815, -7.13359), (102.064, -9.91222), (52.3802, -2.2738), 
(55.126, -9.30069), (108.722, -42.3), (69.325, -25.8275), 
(69.325, -25.8275), (124.354, -74.4877), (127.989, -79.1308), (80.7056, -54.2953), (50.7564, -36.9612), 
(70.3203, -60.9905), (104.035, -101.036), (29.3833, -25.0177), (9.52301, 0.978806), 
(9.52301, 0.978806), (30.7938, -36.4844), (11.8752, -11.3884), 
(11.8752, -11.3884), (29.4191, -58.7789), (42.5097, -97.3229), (26.7316, -60.9532), (4.48657, -0.176452), 
(4.48657, -0.176452), (17.9076, -71.9331), (14.1511, -62.8513), 
(14.1511, -62.8513), (14.9091, -88.2004), (15.739, -131.979), (-1.76302, -101.512), (-8.62923, -78.9203), (-10.3999, -52.3411), 
(-10.3999, -52.3411), (-18.3111, -66.6888), (-17.8947, -63.5088), 
(-20.1703, -65.8438), (-66.6064, -167.888), (-18.3818, -31.5708), 
(-18.3818, -31.5708), (-47.4573, -72.8023), (-82.1209, -97.8505), (-60.9387, -50.7828), 
(-60.9387, -50.7828), (-148.14, -126.117), (-23.9887, -10.6644), 
(-23.9887, -10.6644), (-98.2008, -66.1784), (-73.9505, -40.5794), 
(-73.9505, -40.5794), (-75.538, -36.022), (-71.0551, -28.4641), 
(-71.0551, -28.4641), (-121.197, -47.292), (-128.022, -42.6474), (-44.0413, -0.883947), 
(-28.713, 7.60382), (-44.5628, 6.11053), (-45.1549, 9.94998), (-20.0841, 13.5947), (-16.6454, 14.0502), 
(-16.6454, 14.0502), (-110.091, 28.5147), (-36.464, 25.4775), 
(-36.464, 25.4775), (-124.942, 68.6222), (-118.908, 85.4456), (-43.0399, 43.7095), 
(-43.0399, 43.7095), (-73.1532, 70.6836), (-92.3803, 93.665), 
(-92.3803, 93.665), (-147.292, 150.385), (-145.276, 149.566), (-93.1181, 108.045), 
(-58.2062, 80.8824), (-154.889, 197.522), (-60.7547, 86.8793), (-29.6914, 50.2061), 
(-29.6914, 50.2061), (-119.088, 176.854), (-18.2261, 41.2139), 
(-18.2261, 41.2139), (-22.6314, 55.6351), (-21.0019, 58.4474), 
(-21.0019, 58.4474), (-19.3111, 65.0357), (-15.0309, 76.5862), 
(-9.0654, 103.188), (-10.7596, 127.308), (-6.1648, 115.217), (-1.52413, 91.3679), 
(8.18078, 100.246), (35.6248, 157.453), (11.0933, 39.7346), 
(12.4078, 35.5672), (69.9017, 147.257), (79.8989, 146.918), 
(79.8989, 146.918), (94.7762, 165.289), (37.8702, 64.3298), (35.2293, 59.8886), 
(35.2293, 59.8886), (54.9648, 77.2863), (74.3527, 77.5541), 
(74.3527, 77.5541), (157.478, 141.479), (114.603, 99.6114), 
(129.723, 108.007), (183.533, 138.968), (95.1694, 70.6702), (65.2321, 47.5814), 
(66.2359, 44.6789), (160.742, 88.8311), (18.82, 18.6378), 
(18.82, 18.6378), (158.678, 62.2285), (75.2428, 32.7354), 
(75.2428, 32.7354), (135.249, 41.3026), (83.5688, 24.904), 
(83.5688, 24.904), (85.58, 22.0207), (71.9656, 7.01369), (41.8442, 4.93192), 
(41.8442, 4.93192), (52.3802, -2.2738), (55.126, -9.30069), 
(55.126, -9.30069), (69.325, -25.8275), (50.7564, -36.9612), 
(50.7564, -36.9612), (70.3203, -60.9905), (9.52301, 0.978806), 
(9.52301, 0.978806), (11.8752, -11.3884), (4.48657, -0.176452), 
(4.48657, -0.176452), (14.1511, -62.8513), (-10.3999, -52.3411), 
(-10.3999, -52.3411), (-17.8947, -63.5088), (-20.1703, -65.8438), (-18.3818, -31.5708), 
(-18.3818, -31.5708), (-60.9387, -50.7828), (-23.9887, -10.6644), 
(-23.9887, -10.6644), (-73.9505, -40.5794), (-71.0551, -28.4641), (-44.0413, -0.883947), (-28.713, 7.60382), (-16.6454, 14.0502), 
(-16.6454, 14.0502), (-36.464, 25.4775), (-43.0399, 43.7095), 
(-43.0399, 43.7095), (-92.3803, 93.665), (-93.1181, 108.045), (-58.2062, 80.8824), (-29.6914, 50.2061), 
(-18.2261, 41.2139), (-21.0019, 58.4474), (-15.0309, 76.5862), 
(-15.0309, 76.5862), (-9.0654, 103.188), (-1.52413, 91.3679), 
(-1.52413, 91.3679), (8.18078, 100.246), (11.0933, 39.7346), 
(12.4078, 35.5672), (79.8989, 146.918), (35.2293, 59.8886), 
(114.603, 99.6114), (129.723, 108.007), (65.2321, 47.5814), 
(65.2321, 47.5814), (66.2359, 44.6789), (18.82, 18.6378), 
(18.82, 18.6378), (75.2428, 32.7354), (83.5688, 24.904), (41.8442, 4.93192), 
(41.8442, 4.93192), (55.126, -9.30069), (50.7564, -36.9612), (9.52301, 0.978806), 
(4.48657, -0.176452), (-10.3999, -52.3411), (-18.3818, -31.5708), (-23.9887, -10.6644), (-16.6454, 14.0502), 
(-16.6454, 14.0502), (-43.0399, 43.7095), (-29.6914, 50.2061), (-18.2261, 41.2139), 
(-18.2261, 41.2139), (-15.0309, 76.5862), (-1.52413, 91.3679), (11.0933, 39.7346), 
(12.4078, 35.5672), (35.2293, 59.8886), (74.3527, 77.5541), 
(74.3527, 77.5541), (114.603, 99.6114), (65.2321, 47.5814), (18.82, 18.6378), 
(18.82, 18.6378), (41.8442, 4.93192), (9.52301, 0.978806), 
(9.52301, 0.978806), (4.48657, -0.176452), (-16.6454, 14.0502), (-18.2261, 41.2139), (11.0933, 39.7346), (12.4078, 35.5672), 
(12.4078, 35.5672), (74.3527, 77.5541), (18.82, 18.6378), 
(9.52301, 0.978806), (12.4078, 35.5672), (18.82, 18.6378), 
