(41.9389, -0.791454), (97.4551, -1.3331), (194.724, -2.95913), (231.519, -4.07638), (174.832, -3.71207), 
(174.832, -3.71207), (249.75, -6.60581), (124.521, -4.65793), 
(124.521, -4.65793), (151.986, -6.12991), (107.889, -5.17843), 
(124.038, -6.5833), (230.623, -13.5867), (212.611, -14.8253), 
(213.335, -15.9947), (235.818, -18.5211), (169.438, -13.4312), 
(107.22, -11.2563), (230.746, -29.1448), (229.063, -30.0828), (108.852, -15.2601), 
(108.852, -15.2601), (232.519, -32.5897), (116.736, -17.8449), 
(116.736, -17.8449), (169.238, -25.9568), (78.8006, -13.6819), (41.0199, -7.54292), 
(41.0199, -7.54292), (230.75, -42.9876), (201.795, -39.8552), (192.042, -38.511), (103.325, -23.5306), 
(103.325, -23.5306), (238.88, -54.6591), (132.463, -32.8162), (95.8665, -24.7355), (16.4076, -4.10568), 
(16.4076, -4.10568), (145.848, -41.2654), (174.789, -50.8207), (195.261, -57.627), (50.2387, -14.876), 
(50.2387, -14.876), (232.093, -70.12), (61.7551, -18.8366), 
(61.7551, -18.8366), (241.327, -74.8985), (161.723, -50.274), 
(100.956, -32.0762), (148.559, -49.9704), (94.0746, -31.5376), 
(127.897, -43.7335), (176.944, -60.8256), (181.97, -64.1642), (104.169, -39.2608), 
(104.169, -39.2608), (239.117, -91.9084), (242.609, -93.4556), (62.263, -23.6335), 
(62.263, -23.6335), (203.203, -79.962), (193.106, -76.6129), 
(193.106, -76.6129), (201.527, -81.519), (172.948, -72.1944), 
(172.948, -72.1944), (226.673, -95.9648), (167.823, -72.5838), (144.8, -62.5244), 
(144.8, -62.5244), (217.836, -97.7869), (214.034, -97.8285), 
(214.034, -97.8285), (228.432, -107.795), (217.326, -104.303), 
(217.326, -104.303), (239.977, -118.684), (153.671, -76.3676), 
(153.671, -76.3676), (196.256, -98.7254), (206.561, -106.998), 
(206.561, -106.998), (242.927, -127.979), (167.948, -89.389), 
(115.523, -62.7392), (194.492, -109.46), (81.7671, -46.2448), 
(81.7671, -46.2448), (234.092, -136.042), (188.698, -109.627), 
(188.698, -109.627), (201.049, -117.177), (167.352, -97.4514), 
(191.496, -112.922), (229.875, -136.658), (143.247, -85.5283), 
(143.247, -85.5283), (140.427, -85.0112), (31.9614, -18.3284), 
(31.9614, -18.3284), (227.902, -139.877), (205.005, -129.57), (176.825, -114.478), 
(176.825, -114.478), (246.594, -161.1), (245.161, -165.132), (172.271, -116.084), 
(172.271, -116.084), (171.738, -116.288), (11.9582, -6.66165), 
(11.9582, -6.66165), (200.037, -138.897), (97.8053, -67.1307), (17.2226, -10.4842), 
(17.2226, -10.4842), (139.534, -98.8547), (105.347, -75.229), 
(129.671, -93.9014), (194.526, -141.995), (46.4238, -32.8517), 
(46.4238, -32.8517), (216.505, -160.955), (222.875, -166.863), (131.884, -99.0049), 
(131.884, -99.0049), (194.225, -150.601), (233.893, -185.87), (191.377, -152.172), 
(163.612, -131), (247.851, -202.748), (244.868, -202.969), (213.238, -178.879), (196.763, -165.976), (151.791, -128.717), (113.596, -96.5084), 
(113.596, -96.5084), (241.492, -210.125), (114.576, -99.0521), 
(114.576, -99.0521), (172.916, -151.255), (138.817, -122.032), 
(138.817, -122.032), (228.505, -204.036), (78.2286, -68.6749), 
(112.652, -100.232), (181.66, -163.143), (161.822, -145.849), 
(171.956, -155.606), (234.477, -213.493), (145.182, -131.442), 
(145.182, -131.442), (150.391, -137.317), (149.978, -138.017), 
(149.978, -138.017), (157.066, -145.588), (94.3497, -86.5624), 
(94.3497, -86.5624), (149.292, -139.372), (150.551, -140.709), 
(150.551, -140.709), (164.496, -154.421), (152.004, -142.946), 
(152.004, -142.946), (215.028, -203.838), (194.637, -184.419), (93.0152, -87.0302), 
(93.0152, -87.0302), (198.982, -189.903), (151.291, -145.201), 
(151.291, -145.201), (228.699, -220.98), (190.807, -186.085), 
(190.807, -186.085), (217.614, -217.01), (105.852, -105.42), 
(105.852, -105.42), (233.261, -238.403), (131.828, -134.22), 
(161.739, -167.895), (201.282, -210.755), (146.573, -153.728), 
(178.729, -189.471), (219.884, -234.431), (23.4826, -22.474), 
(23.4826, -22.474), (206.605, -224.325), (167.28, -181.359), 
(167.28, -181.359), (220.779, -240.802), (146.264, -162.652), 
(146.264, -162.652), (162.21, -180.946), (157.333, -177.022), (56.5582, -62.9648), 
(56.5582, -62.9648), (140.154, -161.01), (111.438, -127.692), 
(95.6439, -113.906), (122.799, -151.75), (104.527, -130.764), 
(104.527, -130.764), (174.559, -221.838), (172.699, -221.197), (86.0692, -110.405), 
(121.273, -160.805), (148.486, -199.09), (135.181, -183.006), 
(135.181, -183.006), (144.077, -196.853), (122.791, -169.042), 
(146.477, -204.752), (177.373, -249.969), (123.355, -172.658), 
(107.356, -150.066), (164.43, -237.482), (90.0148, -131.122), 
(132.303, -201.367), (160.972, -246.405), (87.7277, -133.912), 
(87.7277, -133.912), (131.663, -205.811), (104.567, -163.627), (59.533, -91.2467), 
(101.782, -169.433), (121.531, -203.7), (48.3003, -78.547), 
(48.3003, -78.547), (86.0054, -151.753), (35.851, -63.9762), 
(35.851, -63.9762), (104.46, -198.074), (94.3356, -182.232), (87.5226, -169.416), 
(87.5226, -169.416), (105.378, -207.044), (84.6533, -168.282), (40.6127, -77.744), 
(40.6127, -77.744), (109.988, -221.736), (71.8671, -144.657), 
(61.7804, -126.314), (66.9163, -137.641), (59.183, -122.932), 
(59.183, -122.932), (93.2305, -200.45), (108.823, -238.896), (53.4079, -114.473), 
(53.4079, -114.473), (85.6893, -188.738), (90.9644, -203.521), (86.9479, -200.077), (52.1767, -121.777), 
(33.7466, -81.0785), (92.8817, -239.652), (82.0566, -212.37), (51.8475, -133.132), 
(58.6123, -154.987), (85.5808, -235.1), (19.1034, -46.6949), 
(19.1034, -46.6949), (57.9946, -160.956), (60.5444, -169.29), (40.2557, -109.894), 
(40.2557, -109.894), (75.8086, -218.853), (38.3441, -112.721), 
(38.3441, -112.721), (66.7521, -205.578), (74.0177, -230.658), (31.3441, -92.3446), 
(31.3441, -92.3446), (78.6732, -248.586), (17.9911, -49.6197), 
(17.9911, -49.6197), (34.2377, -103.956), (74.5174, -244.943), (26.9512, -86.1078), 
(26.9512, -86.1078), (36.6365, -121.672), (20.5134, -63.2591), 
(20.5134, -63.2591), (53.248, -182.396), (58.7924, -203.884), (43.6935, -166.21), (27.5052, -104.585), 
(27.5052, -104.585), (43.6036, -193.128), (39.0412, -176.559), 
(39.3735, -193.481), (40.6146, -202.044), (44.7999, -231.774), (17.9123, -86.5461), 
(17.9123, -86.5461), (27.4036, -145.083), (42.5051, -240.72), (11.8584, -60.001), 
(11.8584, -60.001), (32.5159, -207.721), (16.0477, -92.4086), 
(16.0477, -92.4086), (24.3387, -159.855), (25.8226, -182.757), 
(25.8226, -182.757), (33.0775, -246.3), (11.7372, -70.7516), 
(11.7372, -70.7516), (20.1321, -141.529), (27.3666, -236.463), (12.5047, -96.1279), 
(12.5047, -96.1279), (20.6688, -191.941), (18.8956, -236.677), (15.8725, -191.557), 
(8.98347, -113.657), (10.081, -144.476), (8.32242, -130.876), (6.14933, -85.9819), 
(6.14933, -85.9819), (7.76104, -237.279), (4.22651, -185.853), (3.86943, -134.949), 
(3.86943, -134.949), (1.15804, -212.791), (1.18604, -199.323), (1.90428, -96.7441), 
(1.90428, -96.7441), (-1.01224, -248.756), (0.551276, -135.814), 
(1.51614, -45.771), (-4.30472, -171.087), (-3.82719, -130.893), (-0.244051, -57.8047), 
(-0.244051, -57.8047), (-14.5969, -240.272), (-2.52978, -67.3172), 
(-2.52978, -67.3172), (-4.785, -89.945), (-4.87314, -86.4017), 
(-4.87314, -86.4017), (-17.3175, -205.334), (-12.9385, -148.403), 
(-24.4528, -193.094), (-32.4282, -234.782), (-11.6993, -92.3991), 
(-11.6993, -92.3991), (-30.071, -197.1), (-31.5738, -186.087), (-27.0927, -161.096), (-11.3051, -75.7821), 
(-11.3051, -75.7821), (-26.4596, -147.178), (-37.9753, -194.55), (-16.407, -89.6676), 
(-37.0762, -174.85), (-41.9538, -195.576), (-17.8708, -91.2304), 
(-17.8708, -91.2304), (-37.6174, -175.923), (-23.5789, -108.514), 
(-23.5789, -108.514), (-45.7826, -195.287), (-32.1388, -139.61), (-15.3393, -71.4263), 
(-15.3393, -71.4263), (-58.2558, -221.993), (-56.6876, -215.772), 
(-56.6876, -215.772), (-68.1147, -245.714), (-66.8865, -240.94), (-44.5617, -162.535), 
(-44.5617, -162.535), (-46.7771, -166.286), (-47.9587, -167.214), 
(-58.0299, -188.657), (-84.9728, -246.522), (-55.8145, -160.084), 
(-55.8145, -160.084), (-88.4184, -247.725), (-59.4545, -167.774), (-36.9264, -105.999), 
(-36.9264, -105.999), (-59.6251, -160.931), (-63.8736, -169.258), 
(-63.8736, -169.258), (-88.717, -225.215), (-19.7705, -56.4898), 
(-19.7705, -56.4898), (-82.826, -207.952), (-83.3445, -208.993), (-56.8383, -137.184), 
(-56.8383, -137.184), (-51.8594, -118.148), (-42.9725, -98.6801), 
(-42.9725, -98.6801), (-107.674, -232.972), (-65.83, -144.798), 
(-65.83, -144.798), (-99.2206, -201.247), (-127.157, -236.62), (-29.4587, -59.6773), 
(-29.4587, -59.6773), (-124.063, -229.754), (-56.7922, -107.502), 
(-56.7922, -107.502), (-99.7917, -182.532), (-92.8848, -169.944), 
(-92.8848, -169.944), (-122.077, -220.835), (-102.319, -185.863), 
(-102.319, -185.863), (-129.187, -230.802), (-118.569, -210.044), 
(-118.569, -210.044), (-128.703, -226.036), (-21.116, -41.4632), 
(-21.116, -41.4632), (-118.368, -197.369), (-141.195, -232.301), (-50.3446, -85.7425), 
(-50.3446, -85.7425), (-70.7081, -117.274), (-121.595, -194.503), (-77.4251, -125.478), 
(-54.5824, -89.1111), (-147.445, -230.821), (-143.151, -222.667), (-124.829, -188.825), 
(-124.829, -188.825), (-139.197, -209.762), (-109.518, -165.148), 
(-109.518, -165.148), (-156.5, -232.125), (-106.515, -159.636), 
(-93.6091, -136.99), (-133.475, -191.416), (-70.849, -103.465), 
(-70.849, -103.465), (-174.852, -246.192), (-57.9622, -80.9691), 
(-57.9622, -80.9691), (-100.436, -133.573), (-168.757, -214.858), (-161.825, -205.951), 
(-149.619, -188.672), (-182.441, -229.02), (-195.896, -241.367), (-134.177, -166.688), 
(-60.1127, -76.7106), (-84.6934, -104.689), (-69.6799, -86.0617), 
(-69.6799, -86.0617), (-136.782, -162.87), (-135.192, -160.533), 
(-135.192, -160.533), (-146.393, -172.806), (-193.614, -223.468), (-95.6115, -112.041), 
(-95.6115, -112.041), (-166.041, -188.784), (-128.393, -146.223), 
(-128.393, -146.223), (-188.032, -209.862), (-203.099, -218.84), (-170.279, -183.576), 
(-188.24, -194.862), (-218.511, -225.3), (-35.17, -39.5175), 
(-35.17, -39.5175), (-140.19, -145.46), (-200.409, -203.185), 
(-200.409, -203.185), (-232.02, -233.764), (-210.102, -211.31), 
(-210.102, -211.31), (-241.831, -239.044), (-104.997, -104.692), (-81.4071, -81.7107), 
(-81.4071, -81.7107), (-120.479, -118.154), (-184.226, -177.413), 
(-184.226, -177.413), (-194.282, -186.869), (-211.719, -202.966), (-71.859, -71.1644), 
(-54.926, -55.1442), (-120.464, -115.422), (-189.373, -178.595), (-237.488, -222.293), (-199.306, -187.062), 
(-199.306, -187.062), (-202.917, -187.16), (-106.052, -98.5675), 
(-129.929, -119.539), (-164.391, -149.931), (-247.067, -217.072), (-137.508, -121.294), 
(-137.508, -121.294), (-134.947, -117.848), (-110.012, -96.5667), 
(-110.012, -96.5667), (-220.876, -189.828), (-193.469, -166.301), (-13.1558, -14.381), 
(-13.1558, -14.381), (-182.04, -155.903), (-74.9643, -65.7776), 
(-48.859, -43.7186), (-204.564, -169.96), (-226.222, -184.033), (-100.989, -83.2846), 
(-100.989, -83.2846), (-168.325, -135.546), (-51.5371, -43.1365), 
(-51.5371, -43.1365), (-222.444, -171.172), (-216.06, -165.54), (-154.262, -117.474), (-119.422, -91.5563), 
(-45.3928, -35.7783), (-246.406, -180.626), (-202.984, -148.581), (-109.185, -80.2392), 
(-109.185, -80.2392), (-233.731, -167.848), (-161.937, -116.258), 
(-161.937, -116.258), (-190.634, -133.997), (-194.917, -136.571), (-129.869, -91.2371), 
(-129.869, -91.2371), (-221.595, -152.622), (-167.217, -114.112), 
(-167.217, -114.112), (-165.023, -112.226), (-6.12177, -6.8064), 
(-6.12177, -6.8064), (-124.652, -83.1094), (-245.108, -159.576), (-110.334, -72.7663), 
(-110.334, -72.7663), (-216.624, -140.136), (-155.474, -100.921), 
(-155.474, -100.921), (-182.558, -117.107), (-186.488, -118.77), (-32.1154, -22.414), 
(-46.87, -31.0158), (-169.84, -105.229), (-40.0396, -26.6377), 
(-40.0396, -26.6377), (-150.086, -91.7545), (-243.736, -146.833), (-116.68, -71.4745), 
(-116.68, -71.4745), (-240.879, -142.538), (-178.001, -105.729), 
(-178.001, -105.729), (-230.474, -134.403), (-175.43, -102.393), 
(-175.43, -102.393), (-226.247, -130.297), (-154.597, -88.6478), 
(-156.792, -89.2238), (-219.967, -124.011), (-166.461, -93.7768), (-128.33, -72.7614), 
(-128.33, -72.7614), (-213.868, -118.214), (-192.716, -97.6674), (-65.0914, -34.067), 
(-101.816, -50.6191), (-233.465, -113.086), (-232.041, -111.912), (-165.217, -80.3004), 
(-128.627, -61.9254), (-152.1, -71.2414), (-177.939, -80.1544), 
(-177.939, -80.1544), (-212.956, -94.0254), (-183.31, -79.2921), 
(-183.31, -79.2921), (-247.153, -104.977), (-128.204, -54.2138), 
(-128.204, -54.2138), (-248.669, -102.017), (-102.201, -40.6871), 
(-102.201, -40.6871), (-203.705, -78.0473), (-133.672, -48.7627), 
(-133.672, -48.7627), (-230.602, -80.8383), (-223.592, -76.743), (-109.289, -37.5246), 
(-109.289, -37.5246), (-171.652, -57.2031), (-137.413, -45.6819), 
(-130.979, -43.3686), (-175.942, -55.8422), (-41.6659, -14.2714), 
(-41.6659, -14.2714), (-169.205, -51.9439), (-219.221, -66.018), (-229.122, -65.5798), (-182.527, -51.582), (-44.3424, -13.5543), 
(-44.3424, -13.5543), (-206.332, -56.146), (-143.332, -36.6372), 
(-143.332, -36.6372), (-193.554, -48.9191), (-212.952, -51.9714), 
(-212.952, -51.9714), (-226.667, -54.4569), (-69.0441, -17.2134), 
(-96.0446, -23.1447), (-150.716, -35.1958), (-57.2228, -13.6298), 
(-60.3434, -12.9676), (-215.391, -39.5827), (-237.663, -41.9839), (-188.391, -32.9851), 
(-176.478, -30.3825), (-231.354, -31.4899), (-50.1112, -7.41787), 
(-50.1112, -7.41787), (-130.96, -16.2204), (-241.846, -27.0935), (-246.042, -25.5198), (-81.9499, -8.76884), 
(-169.225, -13.583), (-234.309, -18.2138), (-241.259, -12.0003), (-108.394, -5.62988), 
(-108.394, -5.62988), (-115.932, -5.81302), (-220.926, 0.743634), (-95.3081, 0.535461), 
(-95.3081, 0.535461), (-213.936, 2.88121), (-238.061, 5.99312), (-25.275, 0.239328), 
(-25.275, 0.239328), (-122.603, 3.86853), (-169.511, 10.5579), 
(-169.511, 10.5579), (-203.205, 14.1561), (-187.034, 15.1874), (-142.86, 11.8264), 
(-113.757, 10.0698), (-215.886, 20.4703), (-158.632, 21.1028), (-41.297, 5.64131), 
(-41.297, 5.64131), (-89.3134, 12.7198), (-193.827, 28.3396), (-227.296, 33.6055), (-214.568, 32.3661), (-203.497, 31.0228), (-79.716, 12.4021), 
(-79.716, 12.4021), (-160.577, 25.6339), (-244.961, 42.5792), (-218.588, 45.5672), 
(-218.588, 45.5672), (-216.575, 51.304), (-178.744, 42.8509), 
(-178.744, 42.8509), (-181.273, 43.9204), (-119.485, 31.1665), (-115.045, 30.0501), 
(-115.045, 30.0501), (-247.739, 68.3075), (-201.111, 56.1007), (-31.1652, 9.20244), 
(-137.69, 43.3874), (-249.002, 78.2435), (-240.818, 79.403), (-149.298, 50.0542), (-107.034, 36.4462), 
(-107.034, 36.4462), (-120.007, 41.8583), (-118.814, 41.8033), 
(-118.814, 41.8033), (-158.231, 55.5385), (-234.115, 82.6313), (-137.989, 49.5485), 
(-137.989, 49.5485), (-179.427, 64.7275), (-230.625, 84.8783), (-130.124, 51.4809), 
(-130.124, 51.4809), (-204.244, 81.9354), (-143.131, 59.4291), 
(-170.243, 71.6202), (-229.521, 97.6017), (-198.553, 84.5919), 
(-182.278, 78.863), (-227.348, 98.7291), (-165.985, 74.1625), 
(-177.992, 83.436), (-246.6, 115.685), (-124.325, 58.7888), 
(-168.352, 81.9552), (-247.002, 120.525), (-212.993, 105.284), 
(-212.993, 105.284), (-236.23, 116.861), (-78.909, 39.8269), 
(-78.909, 39.8269), (-161.995, 85.9488), (-79.7014, 42.8511), 
(-79.7014, 42.8511), (-164.213, 87.8469), (-228.079, 122.606), (-219.201, 118.128), 
(-219.201, 118.128), (-217.431, 117.824), (-74.7356, 41.3171), 
(-23.3985, 13.9349), (-246.65, 139.233), (-241.627, 137.733), (-180.01, 103.644), (-128.158, 74.1926), 
(-128.158, 74.1926), (-87.4362, 51.4388), (-45.3566, 27.5756), 
(-45.3566, 27.5756), (-230.931, 135.581), (-148.927, 88.0138), 
(-148.927, 88.0138), (-95.8709, 57.5759), (-19.1193, 12.9783), 
(-19.1193, 12.9783), (-202.363, 125.795), (-151.828, 95.9796), (-33.391, 22.4578), 
(-33.391, 22.4578), (-188.848, 122.322), (-195.315, 126.653), (-175.539, 115.29), (-166.757, 109.687), 
(-166.757, 109.687), (-128.29, 87.1757), (-35.3271, 25.7341), 
(-35.3271, 25.7341), (-125.614, 87.9313), (-171.873, 120.928), (-17.4121, 13.8451), 
(-17.4121, 13.8451), (-121.683, 87.5703), (-127.573, 91.9408), (-199.882, 146.383), (-102.625, 76.4813), 
(-102.625, 76.4813), (-148.442, 110.03), (-211.666, 159.165), (-165.134, 125.221), 
(-203.796, 160.149), (-230.943, 182.255), (-161.871, 129.598), (-43.3618, 36.6951), 
(-43.3618, 36.6951), (-179.15, 145.563), (-222.532, 181.258), (-178.64, 146.976), (-134.415, 112.275), 
(-134.415, 112.275), (-180.211, 151.098), (-245.685, 206.79), (-181.47, 153.751), 
(-181.47, 153.751), (-222.161, 188.25), (-215.985, 185.069), (-102.279, 90.1382), 
(-102.279, 90.1382), (-199.426, 175.865), (-204.256, 182.864), (-198.602, 181.887), (-110.785, 103.196), 
(-110.785, 103.196), (-178.294, 165.157), (-64.2855, 61.13), 
(-64.2855, 61.13), (-230.46, 213.457), (-169.3, 157.895), 
(-193.317, 183.788), (-234.904, 222.914), (-134.042, 128.651), 
(-134.042, 128.651), (-153.791, 148.002), (-77.3566, 75.6848), 
(-77.7576, 76.0846), (-196.943, 189.984), (-65.3375, 64.9767), 
(-65.3375, 64.9767), (-216.119, 211.305), (-222.784, 218.041), (-94.7028, 95.602), 
(-94.7028, 95.602), (-248.211, 248.047), (-176.807, 179.553), 
(-176.807, 179.553), (-175.283, 180.353), (-169.882, 175.445), 
(-169.882, 175.445), (-190.165, 201.788), (-177.355, 189.676), 
(-177.355, 189.676), (-201.312, 215.218), (-54.7929, 60.8047), 
(-54.7929, 60.8047), (-192.201, 206.744), (-217.136, 234.475), (-137.022, 151.83), 
(-137.022, 151.83), (-216.13, 241.344), (-179.044, 210.039), 
(-179.044, 210.039), (-182.624, 216.813), (-129.305, 155.785), 
(-129.305, 155.785), (-154.427, 185.444), (-169.004, 205.061), (-162.216, 199.427), (-56.1637, 73.9376), 
(-56.1637, 73.9376), (-137.334, 176.3), (-181.829, 232.845), (-121.8, 157.447), (-29.2067, 40.5465), 
(-29.2067, 40.5465), (-191.183, 248.621), (-87.6368, 115.91), 
(-78.8883, 110.375), (-146.677, 202.327), (-100.812, 143.744), 
(-100.812, 143.744), (-163.344, 231.525), (-124.838, 179.623), 
(-124.838, 179.623), (-149.117, 213.811), (-153.469, 221.806), (-109.037, 160.549), (-22.7335, 36.7953), 
(-22.7335, 36.7953), (-133.204, 199.987), (-161.444, 243.321), (-126.842, 192.435), 
(-27.4326, 47.6923), (-125.617, 203.309), (-57.6414, 95.7596), 
(-57.6414, 95.7596), (-131.688, 218.472), (-118.911, 197.764), 
(-118.911, 197.764), (-114.346, 191.293), (-100.904, 170.567), 
(-100.904, 170.567), (-141.792, 240.157), (-129.858, 221.086), 
(-129.858, 221.086), (-128.379, 223.164), (-87.5494, 156.145), (-54.8187, 102.023), 
(-54.8187, 102.023), (-116.51, 214.403), (-58.0366, 109.986), 
(-58.0366, 109.986), (-98.9857, 184.601), (-20.3837, 43.6375), 
(-20.3837, 43.6375), (-70.606, 138.161), (-113.927, 222.387), (-39.6102, 82.1578), 
(-39.6102, 82.1578), (-72.1346, 145.067), (-59.8055, 126.013), (-17.9151, 41.9799), 
(-17.9151, 41.9799), (-58.0496, 132.002), (-6.83147, 21.246), 
(-6.83147, 21.246), (-68.9811, 156.852), (-95.808, 217.154), (-82.0504, 195.741), (-31.7398, 81.0228), 
(-31.0995, 79.9721), (-86.3905, 210.964), (-83.2103, 204.775), (-37.062, 95.3848), 
(-37.062, 95.3848), (-93.5376, 230.207), (-28.6745, 76.1061), 
(-28.6745, 76.1061), (-79.0434, 217.125), (-65.5795, 189.43), (-60.2304, 174.829), 
(-54.0788, 158.611), (-66.0006, 196.83), (-46.6424, 146.466), (-5.32396, 25.3442), 
(-5.32396, 25.3442), (-63.2983, 209.639), (-54.8206, 187.414), (-38.7795, 135.607), 
(-38.7795, 135.607), (-52.9661, 183.261), (-14.1456, 56.8414), 
(-14.1456, 56.8414), (-67.6642, 238.99), (-18.5019, 75.6804), 
(-18.5019, 75.6804), (-38.7554, 149.773), (-39.8572, 161.797), (-10.9831, 53.987), 
(-10.9831, 53.987), (-52.7814, 225.297), (-41.4454, 207.483), 
(-41.4454, 207.483), (-48.2945, 242.509), (-26.0972, 138.246), 
(-26.0972, 138.246), (-38.5303, 199.135), (-5.11709, 40.687), 
(-5.11709, 40.687), (-24.2386, 137.687), (-5.57434, 43.9124), 
(-5.57434, 43.9124), (-29.9279, 170.1), (-20.5754, 123.588), 
(-20.5754, 123.588), (-22.4178, 145.042), (-19.9228, 149.259), 
(-19.9228, 149.259), (-23.9849, 176.57), (-26.6153, 195.539), (-3.16279, 47.7518), 
(-3.16279, 47.7518), (-27.2239, 247.533), (-9.41149, 130.974), (-7.90985, 115.382), 
(-7.90985, 115.382), (-14.8287, 225.822), (-13.2887, 207.414), 
(-8.57042, 165.212), (-9.65016, 182.411), (-11.4826, 212.614), (-12.0083, 229.664), (-8.18003, 243.417), (-2.97714, 204.308), (0.278814, 115.34), 
(0.428952, 114.543), (-0.897139, 234.827), (1.13886, 153.878), 
(2.76334, 211.474), (3.38656, 243.389), (6.27786, 195.747), (4.9843, 90.0856), 
(5.26966, 81.8935), (9.78674, 226.092), (6.85147, 111.617), 
(6.85147, 111.617), (12.3915, 232.087), (11.8274, 215.377), 
(11.8274, 215.377), (13.0097, 221.25), (13.9072, 139.247), 
(13.9072, 139.247), (20.4966, 217.252), (18.7064, 167.694), (10.2588, 73.3707), 
(10.2588, 73.3707), (21.217, 179.123), (25.9931, 224.504), (7.2996, 38.7874), 
(7.2996, 38.7874), (20.7308, 148.772), (33.2559, 236.509), (16.0892, 100.396), 
(16.0892, 100.396), (20.3617, 131.072), (33.8216, 221.656), (37.4661, 241.6), (27.725, 166.951), (14.0841, 69.9332), 
(14.0841, 69.9332), (16.5013, 80.5959), (6.58974, 19.8012), 
(16.6179, 62.2791), (47.3677, 203.989), (43.0721, 180.141), 
(43.0721, 180.141), (51.7222, 212.252), (52.2975, 210.459), 
(52.2975, 210.459), (60.4739, 237.997), (21.0514, 69.0214), 
(21.0514, 69.0214), (40.3572, 142.216), (53.2053, 176.315), 
(53.2053, 176.315), (80.0451, 249.957), (42.6971, 125.347), 
(42.6971, 125.347), (70.0359, 207.949), (81.4017, 233.504), (87.277, 238.105), (84.2127, 227.016), (66.5881, 175.244), (16.6363, 36.5438), 
(16.6363, 36.5438), (72.7639, 189.393), (79.038, 203.753), (74.5708, 187.57), 
(74.5708, 187.57), (89.6861, 224.384), (77.2511, 187.647), (19.3057, 39.7909), 
(19.3057, 39.7909), (99.2679, 237.284), (19.8003, 40.113), 
(19.8003, 40.113), (95.8264, 227.074), (34.4834, 75.1686), 
(34.4834, 75.1686), (43.9698, 97.442), (17.2664, 29.765), 
(17.2664, 29.765), (118.948, 249.021), (101.218, 210.326), 
(57.4093, 112.756), (96.9983, 194.092), (87.3645, 174.026), 
(87.3645, 174.026), (69.2938, 134.227), (16.5918, 25.5155), 
(16.5918, 25.5155), (52.7277, 96.2203), (69.78, 128.767), (133.748, 246.76), (102.976, 187.87), (47.5898, 82.9321), 
(47.5898, 82.9321), (85.4702, 151.869), (75.4579, 132.601), 
(75.4579, 132.601), (128.823, 226.808), (115.205, 196.973), 
(115.205, 196.973), (121.431, 207.705), (128.422, 218.106), (27.2397, 40.2452), 
(27.2397, 40.2452), (105.778, 173.83), (63.7457, 101.27), 
(63.7457, 101.27), (100.477, 162.365), (145.231, 232.721), (83.6717, 130.899), 
(83.6717, 130.899), (154.078, 244.45), (98.0918, 152.537), (45.0605, 66.652), 
(45.0605, 66.652), (140.053, 218.223), (60.8123, 90.9106), 
(60.8123, 90.9106), (145.778, 225.303), (94.0257, 143.123), 
(94.0257, 143.123), (156.062, 240.964), (142.736, 217.593), 
(142.736, 217.593), (131.004, 195.797), (77.055, 111.778), 
(77.055, 111.778), (132.814, 194.984), (145.345, 211.29), 
(145.345, 211.29), (165.291, 240.817), (74.3248, 104.429), 
(74.3248, 104.429), (85.1379, 120.196), (156.613, 223.58), (113.081, 156.859), 
(113.081, 156.859), (126.006, 174.184), (89.4466, 119.984), (80.3703, 106.912), 
(98.6979, 132.373), (139.203, 188.714), (97.9441, 130.118), 
(97.9441, 130.118), (156.524, 206.029), (112.741, 146.42), 
(112.741, 146.42), (122.704, 158.753), (125.899, 161.06), (63.7383, 78.0198), 
(63.7383, 78.0198), (177.227, 219.25), (156.739, 191.362), 
(156.739, 191.362), (196.472, 240.464), (132.603, 158.752), (26.6658, 28.1299), 
(65.5251, 74.9196), (201.317, 238.771), (192.467, 223.774), 
(192.467, 223.774), (205.688, 237.881), (148.06, 167.911), 
(148.06, 167.911), (176, 199.1), (96.1254, 104.958), 
(143.678, 157.763), (213.084, 235.661), (166.722, 180.68), 
(200.991, 215.077), (226.496, 241.198), (96.4991, 98.1346), 
(96.4991, 98.1346), (219.865, 228.388), (235.804, 245.013), (163.91, 168.691), 
(163.91, 168.691), (155.23, 157.93), (113.786, 114.66), 
(70.4244, 69.1193), (233.169, 237.256), (64.2934, 62.4959), 
(64.2934, 62.4959), (230.173, 232.618), (234.497, 234.949), 
(234.497, 234.949), (246.105, 241.904), (226.539, 222.296), 
(226.539, 222.296), (195.957, 191.553), (48.4395, 43.658), 
(48.4395, 43.658), (228.97, 218.592), (146.612, 136.152), 
(146.612, 136.152), (195.121, 177.498), (178.382, 159.291), (170.518, 151.378), 
(170.518, 151.378), (214.124, 183.936), (213.44, 180.064), (200.601, 163.343), 
(200.601, 163.343), (211.711, 168.086), (67.8872, 51.5106), 
(67.8872, 51.5106), (242.309, 190.069), (197.749, 154.463), 
(181.598, 141.246), (179.495, 135.937), (124.876, 93.1086), 
(124.876, 93.1086), (149.898, 112.332), (246.758, 184.613), (164, 121.647), 
(149.787, 110.057), (178.831, 130.988), (191.685, 136.064), (188.342, 128.797), (114.942, 75.4108), 
(114.942, 75.4108), (243.715, 162.557), (214.223, 141.887), (186.078, 122.307), (75.928, 48.2408), 
(75.928, 48.2408), (242.521, 158.687), (239.074, 155.909), (163.361, 100.783), (98.3619, 59.0242), 
(98.3619, 59.0242), (155.196, 94.0146), (226.148, 136.093), (168.752, 100.886), 
(168.752, 100.886), (221.473, 129.397), (245.096, 140.249), (218.556, 124.049), 
(218.556, 124.049), (240.6, 135.757), (160.412, 89.1841), 
(160.412, 89.1841), (227.099, 125.962), (229.02, 125.948), (27.9321, 13.2016), 
(27.9321, 13.2016), (159.201, 84.9324), (62.8414, 32.0245), 
(62.8414, 32.0245), (230.437, 123.461), (19.6882, 8.02635), 
(19.6882, 8.02635), (169.73, 86.5867), (172.092, 85.858), 
(172.092, 85.858), (205.846, 102.459), (111.081, 54.0406), 
(111.081, 54.0406), (192.109, 93.8767), (92.3531, 43.8512), 
(92.3531, 43.8512), (74.8064, 34.7912), (29.3223, 11.8802), 
(29.3223, 11.8802), (207.403, 96.2729), (239.994, 110.6), (241.607, 109.288), (204.797, 89.7033), 
(204.797, 89.7033), (229.075, 99.8242), (61.6468, 24.8303), 
(61.6468, 24.8303), (200.923, 84.8054), (87.7508, 35.7187), 
(87.7508, 35.7187), (234.233, 96.7925), (154.551, 62.2545), (149.527, 60.1352), 
(149.527, 60.1352), (168.55, 67.6954), (141.129, 55.8136), 
(141.129, 55.8136), (246.414, 98.777), (32.3552, 11.0846), 
(32.3552, 11.0846), (120.898, 46.6417), (217.297, 82.9903), (117.42, 43.0674), 
(117.42, 43.0674), (144.36, 53.1512), (185.898, 61.6709), 
(185.898, 61.6709), (244.352, 81.485), (184.766, 57.1695), 
(184.766, 57.1695), (225.809, 69.7291), (242.781, 71.7452), (149.302, 41.1156), 
(149.302, 41.1156), (180.09, 48.8209), (129.117, 34.343), (62.6702, 15.6266), 
(62.6702, 15.6266), (193.324, 48.8239), (166.869, 41.6539), 
(166.869, 41.6539), (249.718, 60.043), (111.487, 24.5818), 
(111.487, 24.5818), (200.789, 44.1295), (147.489, 31.7854), 
(178.655, 37.2313), (192.016, 39.6592), (185.208, 37.7924), 
(184.238, 37.4492), (216.024, 42.6237), (94.2808, 17.8539), 
(94.2808, 17.8539), (227.36, 38.011), (106.329, 14.4274), 
(106.329, 14.4274), (180.956, 24.0167), (91.4334, 11.5586), 
(91.4334, 11.5586), (201.419, 24.9906), (151.164, 17.0176), 
(151.164, 17.0176), (224.428, 24.2519), (230.793, 23.8326), (132.319, 8.79227), 
(171.944, 4.53553), (224.533, -0.536223), (179.009, -1.23759), (41.9389, -0.791454), 
(41.9389, -0.791454), (174.832, -3.71207), (124.521, -4.65793), 
(107.889, -5.17843), (124.038, -6.5833), (212.611, -14.8253), (213.335, -15.9947), (169.438, -13.4312), 
(108.852, -15.2601), (116.736, -17.8449), (41.0199, -7.54292), 
(41.0199, -7.54292), (103.325, -23.5306), (16.4076, -4.10568), 
(16.4076, -4.10568), (50.2387, -14.876), (61.7551, -18.8366), 
(61.7551, -18.8366), (161.723, -50.274), (100.956, -32.0762), 
(94.0746, -31.5376), (127.897, -43.7335), (104.169, -39.2608), (62.263, -23.6335), 
(62.263, -23.6335), (193.106, -76.6129), (172.948, -72.1944), (144.8, -62.5244), 
(144.8, -62.5244), (214.034, -97.8285), (217.326, -104.303), (153.671, -76.3676), 
(153.671, -76.3676), (206.561, -106.998), (167.948, -89.389), (115.523, -62.7392), 
(81.7671, -46.2448), (188.698, -109.627), (167.352, -97.4514), 
(167.352, -97.4514), (191.496, -112.922), (143.247, -85.5283), (31.9614, -18.3284), 
(31.9614, -18.3284), (176.825, -114.478), (172.271, -116.084), (11.9582, -6.66165), 
(11.9582, -6.66165), (17.2226, -10.4842), (105.347, -75.229), (129.671, -93.9014), (46.4238, -32.8517), 
(46.4238, -32.8517), (131.884, -99.0049), (191.377, -152.172), (180.033, -143.506), 
(114.576, -99.0521), (138.817, -122.032), (78.2286, -68.6749), 
(78.2286, -68.6749), (112.652, -100.232), (161.822, -145.849), (171.956, -155.606), (145.182, -131.442), 
(145.182, -131.442), (149.978, -138.017), (94.3497, -86.5624), 
(94.3497, -86.5624), (150.551, -140.709), (152.004, -142.946), (93.0152, -87.0302), 
(93.0152, -87.0302), (151.291, -145.201), (190.807, -186.085), (105.852, -105.42), 
(105.852, -105.42), (131.828, -134.22), (127.588, -130.623), 
(127.588, -130.623), (161.739, -167.895), (146.573, -153.728), 
(146.573, -153.728), (178.729, -189.471), (23.4826, -22.474), 
(23.4826, -22.474), (167.28, -181.359), (146.264, -162.652), (56.5582, -62.9648), 
(56.5582, -62.9648), (111.438, -127.692), (95.6439, -113.906), 
(95.6439, -113.906), (104.527, -130.764), (86.0692, -110.405), 
(86.0692, -110.405), (121.273, -160.805), (135.181, -183.006), (122.791, -169.042), 
(122.791, -169.042), (146.477, -204.752), (123.355, -172.658), (107.356, -150.066), 
(102.258, -151.509), (132.303, -201.367), (87.7277, -133.912), 
(44.903, -70.1064), (101.782, -169.433), (48.3003, -78.547), 
(35.851, -63.9762), (87.5226, -169.416), (40.6127, -77.744), 
(40.6127, -77.744), (71.8671, -144.657), (61.7804, -126.314), 
(61.7804, -126.314), (59.183, -122.932), (53.4079, -114.473), 
(53.4079, -114.473), (52.1767, -121.777), (33.7466, -81.0785), 
(33.7466, -81.0785), (51.8475, -133.132), (51.6147, -133.202), 
(51.6147, -133.202), (58.6123, -154.987), (19.1034, -46.6949), 
(19.1034, -46.6949), (40.2557, -109.894), (38.3441, -112.721), (31.3441, -92.3446), (17.9911, -49.6197), 
(17.9911, -49.6197), (26.9512, -86.1078), (20.5134, -63.2591), 
(20.5134, -63.2591), (27.5052, -104.585), (39.0412, -176.559), (39.3735, -193.481), (17.9123, -86.5461), 
(11.8584, -60.001), (16.0477, -92.4086), (25.8226, -182.757), (11.7372, -70.7516), 
(12.5047, -96.1279), (15.8725, -191.557), (13.2513, -160.495), 
(6.14933, -85.9819), (3.86943, -134.949), (1.90428, -96.7441), 
(1.90428, -96.7441), (0.551276, -135.814), (1.51614, -45.771), 
(1.51614, -45.771), (-0.244051, -57.8047), (-2.52978, -67.3172), 
(-2.52978, -67.3172), (-4.87314, -86.4017), (-12.9385, -148.403), (-24.4528, -193.094), (-11.6993, -92.3991), 
(-16.407, -89.6676), (-37.0762, -174.85), (-17.8708, -91.2304), 
(-17.8708, -91.2304), (-23.5789, -108.514), (-15.3393, -71.4263), 
(-15.3393, -71.4263), (-56.6876, -215.772), (-44.5617, -162.535), 
(-47.9587, -167.214), (-58.0299, -188.657), (-55.8145, -160.084), (-36.9264, -105.999), 
(-36.9264, -105.999), (-63.8736, -169.258), (-19.7705, -56.4898), 
(-19.7705, -56.4898), (-56.8383, -137.184), (-42.9725, -98.6801), 
(-42.9725, -98.6801), (-65.83, -144.798), (-29.4587, -59.6773), 
(-29.4587, -59.6773), (-56.7922, -107.502), (-92.8848, -169.944), (-102.319, -185.863), (-118.569, -210.044), (-21.116, -41.4632), 
(-21.116, -41.4632), (-50.3446, -85.7425), (-77.4251, -125.478), (-54.5824, -89.1111), 
(-54.5824, -89.1111), (-124.829, -188.825), (-109.518, -165.148), 
(-109.518, -165.148), (-106.515, -159.636), (-93.6091, -136.99), (-70.849, -103.465), 
(-57.9622, -80.9691), (-161.825, -205.951), (-149.619, -188.672), 
(-149.619, -188.672), (-134.177, -166.688), (-60.1127, -76.7106), 
(-69.6799, -86.0617), (-135.192, -160.533), (-95.6115, -112.041), 
(-95.6115, -112.041), (-128.393, -146.223), (-170.279, -183.576), (-188.24, -194.862), (-35.17, -39.5175), 
(-35.17, -39.5175), (-200.409, -203.185), (-210.102, -211.31), (-81.4071, -81.7107), 
(-81.4071, -81.7107), (-184.226, -177.413), (-71.859, -71.1644), 
(-54.926, -55.1442), (-199.306, -187.062), (-106.052, -98.5675), 
(-106.052, -98.5675), (-129.929, -119.539), (-137.508, -121.294), (-110.012, -96.5667), (-13.1558, -14.381), 
(-13.1558, -14.381), (-74.9643, -65.7776), (-48.859, -43.7186), 
(-48.859, -43.7186), (-100.989, -83.2846), (-51.5371, -43.1365), 
(-51.5371, -43.1365), (-119.422, -91.5563), (-45.3928, -35.7783), 
(-45.3928, -35.7783), (-109.185, -80.2392), (-161.937, -116.258), (-129.869, -91.2371), 
(-129.869, -91.2371), (-167.217, -114.112), (-6.12177, -6.8064), 
(-6.12177, -6.8064), (-110.334, -72.7663), (-155.474, -100.921), (-32.1154, -22.414), 
(-32.1154, -22.414), (-46.87, -31.0158), (-40.0396, -26.6377), 
(-40.0396, -26.6377), (-116.68, -71.4745), (-178.001, -105.729), (-175.43, -102.393), (-154.597, -88.6478), 
(-154.597, -88.6478), (-156.792, -89.2238), (-128.33, -72.7614), 
(-101.816, -50.6191), (-165.217, -80.3004), (-128.627, -61.9254), 
(-128.627, -61.9254), (-177.939, -80.1544), (-183.31, -79.2921), (-128.204, -54.2138), 
(-102.201, -40.6871), (-133.672, -48.7627), (-109.289, -37.5246), 
(-109.289, -37.5246), (-137.413, -45.6819), (-130.979, -43.3686), (-41.6659, -14.2714), 
(-44.3424, -13.5543), (-143.332, -36.6372), (-212.952, -51.9714), (-69.0441, -17.2134), 
(-69.0441, -17.2134), (-96.0446, -23.1447), (-57.2228, -13.6298), 
(-60.3434, -12.9676), (-188.391, -32.9851), (-176.478, -30.3825), (-50.1112, -7.41787), 
(-81.9499, -8.76884), (-169.225, -13.583), (-108.394, -5.62988), 
(-108.394, -5.62988), (-95.3081, 0.535461), (-25.275, 0.239328), 
(-25.275, 0.239328), (-169.511, 10.5579), (-142.86, 11.8264), (-113.757, 10.0698), (-41.297, 5.64131), 
(-41.297, 5.64131), (-79.716, 12.4021), (-218.588, 45.5672), (-178.744, 42.8509), (-115.045, 30.0501), (-31.1652, 9.20244), 
(-31.1652, 9.20244), (-137.69, 43.3874), (-107.034, 36.4462), 
(-118.814, 41.8033), (-137.989, 49.5485), (-130.124, 51.4809), 
(-143.131, 59.4291), (-170.243, 71.6202), (-198.553, 84.5919), (-182.278, 78.863), 
(-165.985, 74.1625), (-177.992, 83.436), (-124.325, 58.7888), 
(-168.352, 81.9552), (-212.993, 105.284), (-78.909, 39.8269), 
(-79.7014, 42.8511), (-219.201, 118.128), (-74.7356, 41.3171), (-23.3985, 13.9349), 
(-23.3985, 13.9349), (-128.158, 74.1926), (-45.3566, 27.5756), 
(-45.3566, 27.5756), (-148.927, 88.0138), (-19.1193, 12.9783), 
(-33.391, 22.4578), (-166.757, 109.687), (-35.3271, 25.7341), (-17.4121, 13.8451), 
(-17.4121, 13.8451), (-102.625, 76.4813), (-165.134, 125.221), (-203.796, 160.149), (-43.3618, 36.6951), 
(-43.3618, 36.6951), (-134.415, 112.275), (-181.47, 153.751), (-102.279, 90.1382), 
(-102.279, 90.1382), (-110.785, 103.196), (-64.2855, 61.13), 
(-64.2855, 61.13), (-169.3, 157.895), (-193.317, 183.788), (-134.042, 128.651), (-77.3566, 75.6848), 
(-77.3566, 75.6848), (-77.7576, 76.0846), (-65.3375, 64.9767), 
(-94.7028, 95.602), (-176.807, 179.553), (-169.882, 175.445), 
(-169.882, 175.445), (-177.355, 189.676), (-54.7929, 60.8047), 
(-54.7929, 60.8047), (-137.022, 151.83), (-179.044, 210.039), (-129.305, 155.785), (-56.1637, 73.9376), (-29.2067, 40.5465), 
(-29.2067, 40.5465), (-87.6368, 115.91), (-78.8883, 110.375), 
(-100.812, 143.744), (-124.838, 179.623), (-22.7335, 36.7953), 
(-22.7335, 36.7953), (-126.842, 192.435), (-27.4326, 47.6923), 
(-27.4326, 47.6923), (-57.6414, 95.7596), (-118.911, 197.764), (-100.904, 170.567), 
(-100.904, 170.567), (-129.858, 221.086), (-54.8187, 102.023), 
(-54.8187, 102.023), (-58.0366, 109.986), (-20.3837, 43.6375), 
(-20.3837, 43.6375), (-39.6102, 82.1578), (-17.9151, 41.9799), (-6.83147, 21.246), 
(-6.83147, 21.246), (-31.7398, 81.0228), (-31.0995, 79.9721), 
(-31.0995, 79.9721), (-37.062, 95.3848), (-28.6745, 76.1061), 
(-28.6745, 76.1061), (-60.2304, 174.829), (-54.0788, 158.611), (-5.32396, 25.3442), 
(-5.32396, 25.3442), (-38.7795, 135.607), (-14.1456, 56.8414), 
(-14.1456, 56.8414), (-18.5019, 75.6804), (-10.9831, 53.987), 
(-10.9831, 53.987), (-41.4454, 207.483), (-26.0972, 138.246), (-5.11709, 40.687), 
(-5.57434, 43.9124), (-20.5754, 123.588), (-19.9228, 149.259), (-3.16279, 47.7518), 
(-3.16279, 47.7518), (-7.90985, 115.382), (-13.2887, 207.414), (-8.57042, 165.212), 
(0.428952, 114.543), (1.13886, 153.878), (2.76334, 211.474), (4.9843, 90.0856), 
(6.85147, 111.617), (11.8274, 215.377), (13.9072, 139.247), (10.2588, 73.3707), (7.2996, 38.7874), 
(7.2996, 38.7874), (16.0892, 100.396), (14.0841, 69.9332), (6.58974, 19.8012), 
(16.6179, 62.2791), (43.0721, 180.141), (52.2975, 210.459), (21.0514, 69.0214), 
(21.0514, 69.0214), (53.2053, 176.315), (42.6971, 125.347), (16.6363, 36.5438), 
(16.6363, 36.5438), (74.5708, 187.57), (19.3057, 39.7909), 
(19.8003, 40.113), (34.4834, 75.1686), (17.2664, 29.765), 
(17.2664, 29.765), (101.218, 210.326), (57.4093, 112.756), 
(57.4093, 112.756), (87.3645, 174.026), (16.5918, 25.5155), 
(16.5918, 25.5155), (47.5898, 82.9321), (75.4579, 132.601), (115.205, 196.973), (27.2397, 40.2452), 
(27.2397, 40.2452), (63.7457, 101.27), (83.6717, 130.899), (45.0605, 66.652), 
(60.8123, 90.9106), (94.0257, 143.123), (142.736, 217.593), (77.055, 111.778), 
(77.055, 111.778), (145.345, 211.29), (74.3248, 104.429), 
(74.3248, 104.429), (113.081, 156.859), (80.3703, 106.912), 
(80.3703, 106.912), (98.6979, 132.373), (97.9441, 130.118), 
(97.9441, 130.118), (112.741, 146.42), (63.7383, 78.0198), 
(63.7383, 78.0198), (156.739, 191.362), (26.6658, 28.1299), 
(26.6658, 28.1299), (65.5251, 74.9196), (192.467, 223.774), (148.06, 167.911), (96.1254, 104.958), 
(96.1254, 104.958), (143.678, 157.763), (166.722, 180.68), 
(166.722, 180.68), (200.991, 215.077), (96.4991, 98.1346), 
(96.4991, 98.1346), (163.91, 168.691), (113.786, 114.66), (70.4244, 69.1193), 
(64.2934, 62.4959), (234.497, 234.949), (226.539, 222.296), (48.4395, 43.658), 
(48.4395, 43.658), (146.612, 136.152), (170.518, 151.378), (200.601, 163.343), (67.8872, 51.5106), 
(67.8872, 51.5106), (197.749, 154.463), (181.598, 141.246), 
(124.876, 93.1086), (164, 121.647), (149.787, 110.057), 
(149.787, 110.057), (114.942, 75.4108), (75.928, 48.2408), 
(98.3619, 59.0242), (168.752, 100.886), (218.556, 124.049), (160.412, 89.1841), (27.9321, 13.2016), 
(27.9321, 13.2016), (62.8414, 32.0245), (19.6882, 8.02635), 
(19.6882, 8.02635), (172.092, 85.858), (111.081, 54.0406), 
(111.081, 54.0406), (92.3531, 43.8512), (29.3223, 11.8802), 
(29.3223, 11.8802), (204.797, 89.7033), (61.6468, 24.8303), 
(61.6468, 24.8303), (87.7508, 35.7187), (149.527, 60.1352), (141.129, 55.8136), (32.3552, 11.0846), 
(32.3552, 11.0846), (117.42, 43.0674), (185.898, 61.6709), (184.766, 57.1695), (149.302, 41.1156), (62.6702, 15.6266), 
(62.6702, 15.6266), (166.869, 41.6539), (111.487, 24.5818), 
(111.487, 24.5818), (147.489, 31.7854), (178.655, 37.2313), (185.208, 37.7924), (184.238, 37.4492), (94.2808, 17.8539), 
(94.2808, 17.8539), (106.329, 14.4274), (91.4334, 11.5586), 
(91.4334, 11.5586), (151.164, 17.0176), (132.319, 8.79227), 
(132.319, 8.79227), (171.944, 4.53553), (41.9389, -0.791454), 
(41.9389, -0.791454), (124.521, -4.65793), (107.889, -5.17843), 
(107.889, -5.17843), (169.438, -13.4312), (107.22, -11.2563), 
(107.22, -11.2563), (108.852, -15.2601), (41.0199, -7.54292), (16.4076, -4.10568), 
(16.4076, -4.10568), (61.7551, -18.8366), (100.956, -32.0762), (94.0746, -31.5376), (62.263, -23.6335), 
(62.263, -23.6335), (144.8, -62.5244), (153.671, -76.3676), (115.523, -62.7392), (81.7671, -46.2448), 
(81.7671, -46.2448), (167.352, -97.4514), (31.9614, -18.3284), 
(11.9582, -6.66165), (46.4238, -32.8517), (180.033, -143.506), (163.612, -131), 
(113.596, -96.5084), (114.576, -99.0521), (78.2286, -68.6749), 
(78.2286, -68.6749), (145.182, -131.442), (94.3497, -86.5624), 
(105.852, -105.42), (127.588, -130.623), (146.573, -153.728), (23.4826, -22.474), 
(23.4826, -22.474), (56.5582, -62.9648), (95.6439, -113.906), (86.0692, -110.405), 
(86.0692, -110.405), (122.791, -169.042), (107.356, -150.066), 
(90.0148, -131.122), (102.258, -151.509), (87.7277, -133.912), (59.533, -91.2467), 
(44.903, -70.1064), (48.3003, -78.547), (35.851, -63.9762), 
(40.6127, -77.744), (61.7804, -126.314), (53.4079, -114.473), (33.7466, -81.0785), 
(33.7466, -81.0785), (51.6147, -133.202), (19.1034, -46.6949), 
(17.9911, -49.6197), (20.5134, -63.2591), (17.9123, -86.5461), (11.8584, -60.001), 
(11.7372, -70.7516), (12.5047, -96.1279), (13.2513, -160.495), (8.98347, -113.657), 
(6.14933, -85.9819), (1.90428, -96.7441), (1.51614, -45.771), 
(1.51614, -45.771), (-2.52978, -67.3172), (-11.6993, -92.3991), (-11.3051, -75.7821), 
(-11.3051, -75.7821), (-16.407, -89.6676), (-17.8708, -91.2304), (-15.3393, -71.4263), 
(-15.3393, -71.4263), (-44.5617, -162.535), (-47.9587, -167.214), (-36.9264, -105.999), (-19.7705, -56.4898), 
(-19.7705, -56.4898), (-42.9725, -98.6801), (-29.4587, -59.6773), (-21.116, -41.4632), 
(-21.116, -41.4632), (-54.5824, -89.1111), (-109.518, -165.148), (-70.849, -103.465), 
(-57.9622, -80.9691), (-149.619, -188.672), (-60.1127, -76.7106), 
(-69.6799, -86.0617), (-95.6115, -112.041), (-35.17, -39.5175), 
(-35.17, -39.5175), (-81.4071, -81.7107), (-71.859, -71.1644), (-54.926, -55.1442), 
(-54.926, -55.1442), (-106.052, -98.5675), (-13.1558, -14.381), 
(-13.1558, -14.381), (-48.859, -43.7186), (-51.5371, -43.1365), (-45.3928, -35.7783), 
(-45.3928, -35.7783), (-129.869, -91.2371), (-6.12177, -6.8064), 
(-6.12177, -6.8064), (-32.1154, -22.414), (-40.0396, -26.6377), 
(-40.0396, -26.6377), (-154.597, -88.6478), (-128.33, -72.7614), 
(-65.0914, -34.067), (-101.816, -50.6191), (-128.627, -61.9254), (-128.204, -54.2138), (-102.201, -40.6871), 
(-102.201, -40.6871), (-109.289, -37.5246), (-41.6659, -14.2714), 
(-44.3424, -13.5543), (-69.0441, -17.2134), (-57.2228, -13.6298), 
(-57.2228, -13.6298), (-60.3434, -12.9676), (-50.1112, -7.41787), 
(-50.1112, -7.41787), (-81.9499, -8.76884), (-108.394, -5.62988), (-25.275, 0.239328), 
(-25.275, 0.239328), (-41.297, 5.64131), (-31.1652, 9.20244), 
(-31.1652, 9.20244), (-107.034, 36.4462), (-118.814, 41.8033), (-130.124, 51.4809), 
(-143.131, 59.4291), (-182.278, 78.863), (-165.985, 74.1625), (-124.325, 58.7888), 
(-124.325, 58.7888), (-168.352, 81.9552), (-78.909, 39.8269), 
(-78.909, 39.8269), (-79.7014, 42.8511), (-23.3985, 13.9349), 
(-23.3985, 13.9349), (-45.3566, 27.5756), (-19.1193, 12.9783), 
(-19.1193, 12.9783), (-33.391, 22.4578), (-17.4121, 13.8451), 
(-17.4121, 13.8451), (-43.3618, 36.6951), (-102.279, 90.1382), (-64.2855, 61.13), 
(-64.2855, 61.13), (-77.3566, 75.6848), (-65.3375, 64.9767), 
(-65.3375, 64.9767), (-94.7028, 95.602), (-169.882, 175.445), (-54.7929, 60.8047), 
(-29.2067, 40.5465), (-78.8883, 110.375), (-100.812, 143.744), (-22.7335, 36.7953), 
(-27.4326, 47.6923), (-100.904, 170.567), (-54.8187, 102.023), (-20.3837, 43.6375), 
(-6.83147, 21.246), (-31.0995, 79.9721), (-28.6745, 76.1061), (-5.32396, 25.3442), 
(-5.32396, 25.3442), (-14.1456, 56.8414), (-10.9831, 53.987), (-5.11709, 40.687), 
(-5.11709, 40.687), (-5.57434, 43.9124), (-3.16279, 47.7518), 
(-3.16279, 47.7518), (-8.57042, 165.212), (0.278814, 115.34), 
(0.278814, 115.34), (0.428952, 114.543), (4.9843, 90.0856), (5.26966, 81.8935), 
(5.26966, 81.8935), (6.85147, 111.617), (7.2996, 38.7874), (6.58974, 19.8012), 
(6.58974, 19.8012), (16.6179, 62.2791), (21.0514, 69.0214), (16.6363, 36.5438), 
(16.6363, 36.5438), (19.3057, 39.7909), (19.8003, 40.113), (17.2664, 29.765), 
(17.2664, 29.765), (57.4093, 112.756), (16.5918, 25.5155), 
(45.0605, 66.652), (60.8123, 90.9106), (77.055, 111.778), (74.3248, 104.429), 
(80.3703, 106.912), (97.9441, 130.118), (63.7383, 78.0198), (26.6658, 28.1299), 
(26.6658, 28.1299), (96.1254, 104.958), (166.722, 180.68), (96.4991, 98.1346), (70.4244, 69.1193), (64.2934, 62.4959), 
(67.8872, 51.5106), (181.598, 141.246), (124.876, 93.1086), 
(124.876, 93.1086), (149.787, 110.057), (75.928, 48.2408), 
(75.928, 48.2408), (98.3619, 59.0242), (27.9321, 13.2016), (19.6882, 8.02635), 
(19.6882, 8.02635), (111.081, 54.0406), (29.3223, 11.8802), 
(29.3223, 11.8802), (61.6468, 24.8303), (32.3552, 11.0846), 
(62.6702, 15.6266), (111.487, 24.5818), (94.2808, 17.8539), 
(91.4334, 11.5586), (132.319, 8.79227), (41.9389, -0.791454), 
(41.9389, -0.791454), (107.889, -5.17843), (107.22, -11.2563), (16.4076, -4.10568), 
(16.4076, -4.10568), (62.263, -23.6335), (81.7671, -46.2448), (31.9614, -18.3284), (11.9582, -6.66165), 
(11.9582, -6.66165), (163.612, -131), (113.596, -96.5084), (78.2286, -68.6749), 
(78.2286, -68.6749), (94.3497, -86.5624), (93.0152, -87.0302), 
(93.0152, -87.0302), (105.852, -105.42), (23.4826, -22.474), 
(23.4826, -22.474), (86.0692, -110.405), (107.356, -150.066), (90.0148, -131.122), (59.533, -91.2467), (44.903, -70.1064), 
(35.851, -63.9762), (40.6127, -77.744), (33.7466, -81.0785), (19.1034, -46.6949), 
(19.1034, -46.6949), (17.9911, -49.6197), (11.8584, -60.001), 
(11.8584, -60.001), (11.7372, -70.7516), (8.98347, -113.657), (6.14933, -85.9819), 
(1.51614, -45.771), (-11.3051, -75.7821), (-15.3393, -71.4263), (-19.7705, -56.4898), (-21.116, -41.4632), 
(-21.116, -41.4632), (-70.849, -103.465), (-57.9622, -80.9691), 
(-60.1127, -76.7106), (-69.6799, -86.0617), (-35.17, -39.5175), 
(-35.17, -39.5175), (-54.926, -55.1442), (-13.1558, -14.381), 
(-13.1558, -14.381), (-45.3928, -35.7783), (-6.12177, -6.8064), 
(-6.12177, -6.8064), (-40.0396, -26.6377), (-128.33, -72.7614), (-65.0914, -34.067), 
(-65.0914, -34.067), (-102.201, -40.6871), (-41.6659, -14.2714), 
(-44.3424, -13.5543), (-57.2228, -13.6298), (-50.1112, -7.41787), (-25.275, 0.239328), 
(-31.1652, 9.20244), (-130.124, 51.4809), (-143.131, 59.4291), (-124.325, 58.7888), (-78.909, 39.8269), (-23.3985, 13.9349), 
(-17.4121, 13.8451), (-64.2855, 61.13), (-65.3375, 64.9767), (-54.7929, 60.8047), (-29.2067, 40.5465), 
(-22.7335, 36.7953), (-27.4326, 47.6923), (-20.3837, 43.6375), (-6.83147, 21.246), 
(-5.32396, 25.3442), (-5.11709, 40.687), (-3.16279, 47.7518), 
(-3.16279, 47.7518), (0.278814, 115.34), (5.26966, 81.8935), (6.58974, 19.8012), 
(6.58974, 19.8012), (16.6363, 36.5438), (17.2664, 29.765), (16.5918, 25.5155), 
(27.2397, 40.2452), (45.0605, 66.652), (74.3248, 104.429), (80.3703, 106.912), (26.6658, 28.1299), 
(26.6658, 28.1299), (64.2934, 62.4959), (48.4395, 43.658), 
(67.8872, 51.5106), (124.876, 93.1086), (75.928, 48.2408), (19.6882, 8.02635), 
(19.6882, 8.02635), (29.3223, 11.8802), (32.3552, 11.0846), 
(32.3552, 11.0846), (62.6702, 15.6266), (94.2808, 17.8539), (91.4334, 11.5586), (41.9389, -0.791454), (16.4076, -4.10568), 
(11.9582, -6.66165), (78.2286, -68.6749), (93.0152, -87.0302), (23.4826, -22.474), 
(23.4826, -22.474), (44.903, -70.1064), (35.851, -63.9762), (19.1034, -46.6949), 
(11.8584, -60.001), (6.14933, -85.9819), (1.51614, -45.771), 
(-21.116, -41.4632), (-57.9622, -80.9691), (-60.1127, -76.7106), (-35.17, -39.5175), (-13.1558, -14.381), (-6.12177, -6.8064), 
(-6.12177, -6.8064), (-65.0914, -34.067), (-41.6659, -14.2714), 
(-41.6659, -14.2714), (-44.3424, -13.5543), (-25.275, 0.239328), 
(-25.275, 0.239328), (-31.1652, 9.20244), (-23.3985, 13.9349), (-19.1193, 12.9783), 
(-17.4121, 13.8451), (-29.2067, 40.5465), (-22.7335, 36.7953), (-6.83147, 21.246), 
(-5.32396, 25.3442), (-3.16279, 47.7518), (6.58974, 19.8012), 
(16.5918, 25.5155), (27.2397, 40.2452), (26.6658, 28.1299), 
(26.6658, 28.1299), (48.4395, 43.658), (67.8872, 51.5106), (19.6882, 8.02635), 
(19.6882, 8.02635), (32.3552, 11.0846), (16.4076, -4.10568), (11.9582, -6.66165), 
(11.9582, -6.66165), (23.4826, -22.474), (19.1034, -46.6949), (11.8584, -60.001), (1.51614, -45.771), 
(1.51614, -45.771), (-21.116, -41.4632), (-6.12177, -6.8064), 
(-6.12177, -6.8064), (-41.6659, -14.2714), (-25.275, 0.239328), 
(-25.275, 0.239328), (-19.1193, 12.9783), (-17.4121, 13.8451), 
(-6.83147, 21.246), (-5.32396, 25.3442), (6.58974, 19.8012), 
(6.58974, 19.8012), (16.5918, 25.5155), (26.6658, 28.1299), (19.6882, 8.02635), (11.9582, -6.66165), 
(11.9582, -6.66165), (1.51614, -45.771), (-6.12177, -6.8064), 
(-6.12177, -6.8064), (-25.275, 0.239328), (-17.4121, 13.8451), (-6.83147, 21.246), (6.58974, 19.8012), (11.9582, -6.66165), 
