(3.562, 2.357), (3.363, 2.357), (3.239, 2.647), (3.131, 3.19), (3.061, 3.633), (2.991, 4.204), 
(2.894, 4.611), (2.507, 5.353), (2.351, 5.724), 
(2.351, 5.724), (2.13, 6.213), (2.151, 6.566), (2.313, 6.575), (2.518, 6.267), (2.884, 5.579), 
(3.228, 5.371), (2.97, 6.222), (2.873, 6.566), 
(2.873, 6.566), (2.561, 7.543), (2.496, 7.869), (2.561, 8.086), (2.722, 8.158), (2.798, 8.113), (3.142, 7.018), 
(3.142, 7.018), (3.39, 6.412), (3.605, 5.86), 
(3.724, 5.86), (3.546, 6.882), (3.487, 7.443), 
(3.487, 7.443), (3.347, 8.176), (3.298, 8.665), (3.514, 8.855), (3.691, 8.62), (3.815, 7.733), 
(3.815, 7.733), (3.961, 7.145), (4.052, 6.421), 
(4.569, 7.706), (4.575, 8.222), (4.618, 8.502), (4.779, 8.557), (4.898, 8.403), (4.968, 7.833), (4.957, 7.335), (4.935, 6.638), (4.817, 5.697), 
(5.689, 4.692), (5.932, 5.127), (6.271, 5.344), (6.449, 5.009), (6.061, 4.158), (5.571, 3.199), (4.962, 2.086), 
(4.962, 2.086), (3.562, 2.357), (2.991, 4.204), (2.894, 4.611), 
(2.894, 4.611), (2.351, 5.724), (2.884, 5.579), (3.126, 5.308), 
(3.228, 5.371), (2.873, 6.566), (3.142, 7.018), (3.605, 5.86), 
(3.724, 5.86), (3.487, 7.443), (3.815, 7.733), (4.052, 6.421), 
(4.564, 7.362), (4.569, 7.706), (4.817, 5.697), (4.86, 5.018), 
(5.398, 4.24), (5.689, 4.692), (4.962, 2.086), 
(4.962, 2.086), (2.894, 4.611), (3.126, 5.308), (3.228, 5.371), 
(3.228, 5.371), (3.605, 5.86), (3.724, 5.86), 
(3.724, 5.86), (4.052, 6.421), (4.181, 5.95), 
(4.483, 6.783), (4.564, 7.362), (4.86, 5.018), 
(5.005, 4.339), (5.398, 4.24), (4.962, 2.086), 
(4.962, 2.086), (3.228, 5.371), (3.724, 5.86), (4.181, 5.95), 
(4.375, 6.122), (4.483, 6.783), (4.86, 5.018), (5.005, 4.339), (4.962, 2.086), 
(4.181, 5.95), (4.375, 6.122), (4.962, 2.086), 
